8.55000000000000,8.55000000000000,15.0125000000000,-0.116414873530300,0.527747426670695,0.838187089418162
13.4042211652794,8.55000000000000,15.9274821640904,-0.198863822535903,0.517892167625417,0.822534619169779
17.9117122473246,8.55000000000000,17.2758769322235,-0.287418299203242,0.501139598610781,0.795927597793594
22.0724732461356,8.55000000000000,19.0576843043995,-0.379177599345086,0.476332341667240,0.756527836765616
25.8865041617122,8.55000000000000,21.2729042806183,-0.470049720001089,0.443056765783204,0.703678392714501
29.3538049940547,8.55000000000000,23.9215368608799,-0.555395517803035,0.402000565266959,0.638471486012229
32.4743757431629,8.55000000000000,27.0035820451843,-0.631057109620925,0.354988816896248,0.563805768011688
35.2482164090369,8.55000000000000,30.5190398335315,-0.694311540106122,0.304601191788492,0.483778363428782
37.6753269916766,8.55000000000000,34.4679102259215,-0.744280837979368,0.253543067735553,0.402686048756467
39.7557074910821,8.55000000000000,38.8501932223543,-0.781693848656551,0.204086212493927,0.324136925725648
41.6535225921522,8.55000000000000,43.3375594530321,-0.770856782412703,0.219820864683848,0.349127255674346
43.6343787158145,8.55000000000000,47.3987960760999,-0.748785814524025,0.248228895166652,0.394245892323506
45.7019173602854,8.55000000000001,51.0266200951249,-0.719594448087495,0.280375318291869,0.445301976110615
47.8561385255648,8.55000000000000,54.2210315101070,-0.680886236945854,0.316387449185202,0.502497713411792
50.0970422116528,8.55000000000000,56.9820303210464,-0.629690848413348,0.355949323845480,0.565331279048703
52.4246284185494,8.55000000000000,59.3096165279429,-0.562710966275264,0.397947039915663,0.632033533983699
54.8388971462545,8.55000000000000,61.2037901307967,-0.477068204501833,0.440072803777041,0.698939158940006
57.3398483947681,8.55000000000000,62.6645511296076,-0.371717049104796,0.478657868010931,0.760221319782067
59.9274821640904,8.55000000000000,63.6918995243757,-0.249177139429604,0.509191245759228,0.808715507970538
62.6017984542212,8.55000000000000,64.2858353151011,-0.116347411256138,0.527753324407078,0.838196456411240
65.3627972651606,8.55000000000000,64.4518608055886,-0.00866307623908393,0.532757562594218,0.846205993272533
68.2104785969085,8.55000000000000,64.5913072978597,-0.0730731523558047,0.528722010139720,0.844405039253178
71.1448424494650,8.55000000000000,64.9522276307967,-0.133127227336145,0.518782618244389,0.840469690150767
74.1658888228300,8.55000000000000,65.5346218043995,-0.188934378577348,0.503599737682709,0.835293898039941
77.2736177170036,8.55000000000000,66.3384898186683,-0.240801832302826,0.483750059901567,0.829629754039730
80.4680291319857,8.55000000000000,67.3638316736029,-0.289149564669482,0.459679286949963,0.824057976415389
83.7491230677765,8.55000000000000,68.6106473692033,-0.334435221323270,0.431683155993701,0.818979837367041
87.1168995243757,8.55000000000000,70.0789369054697,-0.377092068017157,0.399909260901995,0.814619304685448
90.5713585017836,8.55000000000000,71.7687002824019,-0.417477812838210,0.364373755359572,0.811026799187319
94.1125000000000,8.55000000000000,73.6799375000000,-0.455830300142608,0.324990121397970,0.808079500655710
8.55000000000000,13.4042211652794,12.0203478002378,-0.117849639398355,0.510972757490150,0.848517403668153
13.4042211652794,13.4042211652794,12.9353299643282,-0.201314738096028,0.501430751910106,0.832672023103570
17.9117122473246,13.4042211652794,14.2837247324614,-0.290960612595385,0.485210670197053,0.805737081033374
22.0724732461356,13.4042211652794,16.0655321046373,-0.383850808712353,0.461191922126269,0.765851734009225
25.8865041617122,13.4042211652794,18.2807520808561,-0.475842891217913,0.428974024118122,0.712350942100480
29.3538049940547,13.4042211652794,20.9293846611177,-0.562240541192652,0.389222811834249,0.646340386850040
32.4743757431629,13.4042211652794,24.0114298454221,-0.638834631291654,0.343705351235802,0.570754444307288
35.2482164090369,13.4042211652794,27.5268876337693,-0.702868646851431,0.294919317531927,0.489740734580352
37.6753269916766,13.4042211652794,31.4757580261593,-0.753453795954550,0.245484096967822,0.407648990181190
39.7557074910821,13.4042211652794,35.8580410225922,-0.791327906739589,0.197599248226771,0.328131781223955
41.6535225921522,13.4042211652794,40.3454072532699,-0.780357278071241,0.212833768020364,0.353430106803748
43.6343787158145,13.4042211652794,44.4066438763377,-0.758014294498989,0.240338837561367,0.399104812260219
45.7019173602854,13.4042211652794,48.0344678953627,-0.728463156368904,0.271463473395899,0.450790141470639
47.8561385255648,13.4042211652794,51.2288793103448,-0.689277882301579,0.306330943885993,0.508690792922297
50.0970422116528,13.4042211652794,53.9898781212842,-0.637451531471553,0.344635328076302,0.572298756646069
52.4246284185494,13.4042211652794,56.3174643281807,-0.569646149585680,0.385298129454698,0.639823089686730
54.8388971462545,13.4042211652794,58.2116379310345,-0.482947875679546,0.426084908572540,0.707553299201324
57.3398483947681,13.4042211652794,59.6723989298454,-0.376298310231113,0.463443530657926,0.769590737698469
59.9274821640904,13.4042211652794,60.6997473246136,-0.252248146113814,0.493006392426782,0.818682596991171
62.6017984542212,13.4042211652794,61.2936831153389,-0.117781345679159,0.510978467764554,0.848526886105603
65.3627972651605,13.4042211652794,61.4599265241644,-0.00979673889248924,0.515816275888614,0.856622900623494
68.2104785969085,13.4042211652794,61.6157035498444,-0.0825526375446159,0.511395052219570,0.853941487452693
71.1448424494649,13.4042211652794,62.0188911457222,-0.150043440409400,0.500600829515733,0.847961959260461
74.1658888228300,13.4042211652794,62.6694893117976,-0.212223716476699,0.484311122361046,0.839897757626527
77.2736177170036,13.4042211652794,63.5674980480707,-0.269377000871168,0.463316513365779,0.830786120205155
80.4680291319857,13.4042211652794,64.7129173545416,-0.321983310727732,0.438249849184759,0.821434185944741
83.7491230677765,13.4042211652794,66.1057472312101,-0.370603011786559,0.409560495475502,0.812408262768710
87.1168995243757,13.4042211652794,67.7459876780763,-0.415785535417419,0.377519563704158,0.804045941229807
90.5713585017836,13.4042211652794,69.6336386951403,-0.458000911793615,0.342244165568686,0.796475341771754
94.1125000000000,13.4042211652794,71.7687002824019,-0.497587850703267,0.303733545071523,0.789632207542103
8.55000000000000,17.9117122473246,9.37492568370987,-0.119497228564749,0.490735285305904,0.860380045666195
13.4042211652794,17.9117122473246,10.2899078478002,-0.204129205609174,0.481571198254152,0.844313139796241
17.9117122473246,17.9117122473246,11.6383026159334,-0.295028368386638,0.465993525451716,0.817001635532229
22.0724732461356,17.9117122473246,13.4201099881094,-0.389217209807639,0.442926058518444,0.776558674025843
25.8865041617123,17.9117122473246,15.6353299643282,-0.482495381598699,0.411984175337344,0.722309917799240
29.3538049940547,17.9117122473246,18.2839625445898,-0.570100908261283,0.373807340632496,0.655376506303727
32.4743757431629,17.9117122473246,21.3660077288942,-0.647765817021261,0.330092634347769,0.578733839440893
35.2482164090369,17.9117122473246,24.8814655172414,-0.712695055942396,0.283238809329365,0.496587522850186
37.6753269916766,17.9117122473246,28.8303359096314,-0.763987407410055,0.235761508999604,0.413348100194111
39.7557074910821,17.9117122473246,33.2126189060642,-0.802391014720793,0.189773176814942,0.332719206104119
41.6535225921522,17.9117122473246,37.6999851367420,-0.791267011896743,0.204404321641780,0.358371213268056
43.6343787158145,17.9117122473246,41.7612217598097,-0.768611663705757,0.230820031580725,0.404684470953219
45.7019173602854,17.9117122473246,45.3890457788347,-0.738647387824158,0.260711952084131,0.457092383524126
47.8561385255648,17.9117122473246,48.5834571938169,-0.698914286598726,0.294198469374989,0.515802511241863
50.0970422116528,17.9117122473246,51.3444560047562,-0.646363380864695,0.330985778734551,0.580299741937199
52.4246284185493,17.9117122473246,53.6720422116528,-0.577610050277505,0.370038098341137,0.648768094494201
54.8388971462545,17.9117122473246,55.5662158145066,-0.489699696830337,0.409209485452688,0.717445201767699
57.3398483947682,17.9117122473246,57.0269768133175,-0.381559124115946,0.445088490348679,0.780349950611321
59.9274821640904,17.9117122473246,58.0543252080856,-0.255774684802451,0.473480492059022,0.830128135428155
62.6017984542212,17.9117122473246,58.6482609988110,-0.119427980069685,0.490740769420463,0.860389660672241
65.3627972651606,17.9117122473246,58.8146970736348,-0.0108542501671055,0.495379944223592,0.868586537960146
68.2104785969085,17.9117122473246,58.9849122533159,-0.0913726359412955,0.490644355222772,0.865004633257428
71.1448424494649,17.9117122473246,59.4254691889610,-0.165687646720058,0.479170160671532,0.856948268113892
74.1658888228300,17.9117122473246,60.1363678805701,-0.233573907061384,0.462040385109595,0.845983614226863
77.2736177170036,17.9117122473246,61.1176083281433,-0.295292081419853,0.440244715619061,0.833461685085066
80.4680291319857,17.9117122473246,62.3691905316805,-0.351397294094074,0.414583402224149,0.820432666953387
83.7491230677765,17.9117122473246,63.8911144911817,-0.402571880799939,0.385636059525476,0.807632791592264
87.1168995243757,17.9117122473246,65.6833802066470,-0.449499337276903,0.353772626560526,0.795510035650119
90.5713585017836,17.9117122473246,67.7459876780763,-0.492777029916888,0.319187041095564,0.784262713705098
94.1125000000000,17.9117122473246,70.0789369054697,-0.532857620572073,0.281941662915757,0.773876015830984
8.55000000000000,22.0724732461356,7.07623365041617,-0.121400087760682,0.465894829551140,0.874080631876913
13.4042211652794,22.0724732461356,7.99121581450654,-0.207379734016545,0.457194618046467,0.857757878570563
17.9117122473246,22.0724732461356,9.33961058263972,-0.299726363901584,0.442405469125638,0.830011469265925
22.0724732461356,22.0724732461356,11.1214179548157,-0.395415056868976,0.420505650838974,0.788924499006052
25.8865041617123,22.0724732461356,13.3366379310345,-0.490178578815050,0.391130010198698,0.733811892245897
29.3538049940547,22.0724732461356,15.9852705112961,-0.579179125128104,0.354885642959994,0.665812641323736
32.4743757431629,22.0724732461356,19.0673156956005,-0.658080760359567,0.313383724831760,0.587949526043876
35.2482164090369,22.0724732461356,22.5827734839477,-0.724043924509346,0.268901586549894,0.504495121593609
37.6753269916766,22.0724732461356,26.5316438763377,-0.776153049084160,0.223827532559882,0.419930204591199
39.7557074910821,22.0724732461356,30.9139268727705,-0.815168190722563,0.180167076859905,0.338017385891241
41.6535225921522,22.0724732461356,35.4012931034483,-0.803867050643336,0.194057609962672,0.364077872467732
43.6343787158145,22.0724732461356,39.4625297265161,-0.780850941469354,0.219136187044826,0.411128616781985
45.7019173602854,22.0724732461356,43.0903537455410,-0.750409518137596,0.247515012910607,0.464371066518088
47.8561385255648,22.0724732461356,46.2847651605232,-0.710043711886634,0.279306481208552,0.524016087101241
50.0970422116528,22.0724732461356,49.0457639714626,-0.656655991981834,0.314231659276875,0.589540363779274
52.4246284185494,22.0724732461356,51.3733501783591,-0.586807841799828,0.351307195378474,0.659098997975929
54.8388971462545,22.0724732461356,53.2675237812128,-0.497497614677900,0.388495771924873,0.728869711073554
57.3398483947682,22.0724732461356,54.7282847800238,-0.387635024760979,0.422558622856945,0.792776147414389
59.9274821640904,22.0724732461356,55.7556331747919,-0.259847609479525,0.449513454093932,0.843346993934538
62.6017984542212,22.0724732461356,56.3495689655173,-0.121329736561085,0.465900036066128,0.874090399991135
65.3627972651606,22.0724732461356,56.5161724539999,-0.0118396857607909,0.470297939863853,0.882405717708221
68.2104785969085,22.0724732461356,56.6989334082741,-0.0995722550926238,0.465353841666147,0.877921113276034
71.1448424494649,22.0724732461356,57.1719617605132,-0.180151169604788,0.453451694672120,0.867793579010585
74.1658888228300,22.0724732461356,57.9352575107171,-0.253155118673496,0.435849580480327,0.853963305332361
77.2736177170036,22.0724732461356,58.9888206588859,-0.318825670120535,0.413704208923846,0.838111867915279
80.4680291319857,22.0724732461356,60.3326512050197,-0.377806078849213,0.387950885184625,0.821539299270330
83.7491230677765,22.0724732461356,61.9667491491183,-0.430914789560812,0.359269134130612,0.805149963776628
87.1168995243757,22.0724732461356,63.8911144911817,-0.478980978272448,0.328101143776335,0.789495655077520
90.5713585017836,22.0724732461356,66.1057472312101,-0.522738280180809,0.294695434261670,0.774836886610016
94.1125000000000,22.0724732461356,68.6106473692033,-0.562761164034774,0.259159123541649,0.761200729423919
8.55000000000000,25.8865041617122,5.12427170035672,-0.123606472033074,0.434780860357607,0.889966598638134
13.4042211652794,25.8865041617122,6.03925386444709,-0.211148754220624,0.426661677221491,0.873347187669984
17.9117122473246,25.8865041617123,7.38764863258026,-0.305173736696217,0.412860195676934,0.845096501620294
22.0724732461356,25.8865041617123,9.16945600475624,-0.402601522534984,0.392422918350795,0.803262796768595
25.8865041617122,25.8865041617122,11.3846759809750,-0.499087322844073,0.365009078357249,0.747148546673503
29.3538049940547,25.8865041617122,14.0333085612366,-0.589705408396526,0.331185227626081,0.677913444274325
32.4743757431629,25.8865041617122,17.1153537455410,-0.670041040342917,0.292454942321844,0.598635206846518
35.2482164090369,25.8865041617122,20.6308115338882,-0.737203051137882,0.250943465640790,0.513664061438008
37.6753269916766,25.8865041617122,24.5796819262782,-0.790259232300799,0.208879603304169,0.427562220481820
39.7557074910820,25.8865041617122,28.9619649227111,-0.829983454109439,0.168134934574684,0.344160678353233
41.6535225921522,25.8865041617122,33.4493311533888,-0.818476921610890,0.181097812782767,0.370694800894688
43.6343787158145,25.8865041617122,37.5105677764566,-0.795042506468356,0.204501561072544,0.418600668332608
45.7019173602854,25.8865041617123,41.1383917954816,-0.764047825895130,0.230985156818284,0.472810772259810
47.8561385255648,25.8865041617122,44.3328032104637,-0.722948391837984,0.260653487655802,0.533539810472345
50.0970422116528,25.8865041617122,47.0938020214031,-0.668590377531346,0.293246248951989,0.600254957241075
52.4246284185493,25.8865041617122,49.4213882282996,-0.597472773077436,0.327845760391090,0.671077783905227
54.8388971462545,25.8865041617123,51.3155618311534,-0.506539378426387,0.362550763067114,0.742116543895500
57.3398483947681,25.8865041617123,52.7763228299643,-0.394680092337427,0.394338786232658,0.807184446909449
59.9274821640904,25.8865041617122,53.8036712247325,-0.264570206384928,0.419493486333757,0.858674392603756
62.6017984542212,25.8865041617122,54.3976070154578,-0.123534842236540,0.434785719164622,0.889976544282818
65.3627972651605,25.8865041617122,54.5643526652596,-0.0127573969085218,0.438884264554013,0.898431418295387
68.2104785969085,25.8865041617122,54.7577670147190,-0.107193047064462,0.433876990443624,0.893055588513560
71.1448424494649,25.8865041617122,55.2583688603787,-0.193529599208016,0.421887232598000,0.880889572733162
74.1658888228300,25.8865041617122,56.0661582022386,-0.271141020431485,0.404296691791554,0.864256089684711
77.2736177170036,25.8865041617123,57.1811350402987,-0.340253063122934,0.382378745471537,0.845172735287551
80.4680291319857,25.8865041617122,58.6032993745591,-0.401604971421035,0.357159271321088,0.825188577626786
83.7491230677765,25.8865041617123,60.3326512050196,-0.456158576332266,0.329381644995945,0.805370927057993
87.1168995243757,25.8865041617122,62.3691905316805,-0.504893936913809,0.299532999413702,0.786368953220961
90.5713585017836,25.8865041617122,64.7129173545415,-0.548684992331575,0.267896615168358,0.768499854995651
94.1125000000000,25.8865041617122,67.3638316736029,-0.588232635051209,0.234610011562660,0.751828729996557
8.55000000000000,29.3538049940547,3.51903983353151,-0.126163743571198,0.394870383387749,0.908378953712624
13.4042211652794,29.3538049940547,4.43402199762188,-0.215517171914272,0.387496496333208,0.891415706811370
17.9117122473246,29.3538049940547,5.78241676575505,-0.311487419937879,0.374961914419147,0.862580547520279
22.0724732461356,29.3538049940547,7.56422413793103,-0.410930871296823,0.356400666054772,0.819881352852457
25.8865041617122,29.3538049940547,9.77944411414982,-0.509412848560930,0.331503264868624,0.762606165370422
29.3538049940547,29.3538049940547,12.4280766944114,-0.601905714998324,0.300784256458546,0.691938670687148
32.4743757431629,29.3538049940547,15.5101218787158,-0.683903396040483,0.265609197017746,0.611020260404052
35.2482164090369,29.3538049940547,19.0255796670630,-0.752454909309098,0.227908244177832,0.524291162615371
37.6753269916766,29.3538049940547,22.9744500594530,-0.806608760033955,0.189705611628714,0.436407976527041
39.7557074910820,29.3538049940547,27.3567330558859,-0.847154828952495,0.152701078013812,0.351280955251506
41.6535225921522,29.3538049940547,31.8440992865636,-0.835410239921978,0.164474035736984,0.378364037368040
43.6343787158145,29.3538049940547,35.9053359096314,-0.811490994479938,0.185729449446534,0.427261020475659
45.7019173602854,29.3538049940547,39.5331599286564,-0.779855070667912,0.209781997658995,0.482592667260378
47.8561385255648,29.3538049940547,42.7275713436385,-0.737905337987898,0.236726939905646,0.544578117361419
50.0970422116528,29.3538049940547,45.4885701545779,-0.682422720733138,0.266327866078214,0.612673521516249
52.4246284185494,29.3538049940547,47.8161563614744,-0.609833777256780,0.297751333835624,0.684961588599440
54.8388971462545,29.3538049940547,49.7103299643282,-0.517019078348912,0.329270609318181,0.757470056413573
57.3398483947681,29.3538049940547,51.1710909631391,-0.402845556088617,0.358140667867200,0.823884137290914
59.9274821640904,29.3538049940547,52.1984393579073,-0.270043850664999,0.380986305701293,0.876439348989969
62.6017984542212,29.3538049940547,52.7923751486326,-0.126090631838993,0.394874796183168,0.908389105120919
65.3627972651605,29.3538049940547,52.9592377074140,-0.0136109940957039,0.398592415946613,0.917008083336905
68.2104785969085,29.3538049940547,53.1614130726508,-0.114270199745393,0.393717058707167,0.910762871576335
71.1448424494649,29.3538049940547,53.6846904885576,-0.205905858662856,0.382092868618982,0.896609282608192
74.1658888228300,29.3538049940547,54.5290699551345,-0.287683440350583,0.365149800758067,0.877248311346644
77.2736177170036,29.3538049940547,55.6945514723816,-0.359813105093070,0.344207176071002,0.855029043613825
80.4680291319857,29.3538049940547,57.1811350402987,-0.423131109225983,0.320323681531241,0.831743736394167
83.7491230677765,29.3538049940547,58.9888206588859,-0.478742890148754,0.294263996979269,0.808617052656334
87.1168995243757,29.3538049940547,61.1176083281433,-0.527779284697230,0.266531229632960,0.786391840119897
90.5713585017836,29.3538049940547,63.5674980480707,-0.571255537988707,0.237424652479628,0.765440763309674
94.1125000000000,29.3538049940547,66.3384898186683,-0.610002411057726,0.207100057675728,0.745867714497368
8.55000000000000,32.4743757431629,2.26053804994055,-0.129095935466445,0.342230793628693,0.929490735358403
13.4042211652794,32.4743757431629,3.17552021403092,-0.220526041236677,0.335839908606744,0.912133242902341
17.9117122473246,32.4743757431629,4.52391498216409,-0.318726749259918,0.324976293363054,0.882627921027466
22.0724732461356,32.4743757431629,6.30572235434008,-0.420481381896910,0.308889417705323,0.838936347495521
25.8865041617123,32.4743757431629,8.52094233055886,-0.521252194664687,0.287311052434863,0.780330018151492
29.3538049940547,32.4743757431629,11.1695749108205,-0.615894702715900,0.260687149833021,0.708020128836429
32.4743757431629,32.4743757431629,14.2516200951249,-0.699798105076840,0.230201225806299,0.625221080740185
35.2482164090369,32.4743757431629,17.7670778834721,-0.769942835112202,0.197526131512656,0.536476298013664
37.6753269916766,32.4743757431629,21.7159482758621,-0.825355284208486,0.164416235693623,0.446550604635343
39.7557074910821,32.4743757431629,26.0982312722949,-0.866843690848639,0.132344722002884,0.359445132540378
41.6535225921522,32.4743757431629,30.5855975029727,-0.854826143931859,0.142548244055846,0.387157656932741
43.6343787158145,32.4743757431629,34.6468341260404,-0.830350987451986,0.160970129841041,0.437191062704365
45.7019173602854,32.4743757431629,38.2746581450654,-0.797979808036611,0.181816268244538,0.493808681208538
47.8561385255648,32.4743757431629,41.4690695600476,-0.755055114859306,0.205169219889675,0.557234745144146
50.0970422116528,32.4743757431629,44.2300683709869,-0.698283017156071,0.230824090151835,0.626912765560309
52.4246284185494,32.4743757431629,46.5576545778835,-0.624007022346889,0.258058541662026,0.700880891259585
54.8388971462545,32.4743757431629,48.4518281807372,-0.529035202064893,0.285376028910505,0.775074540058709
57.3398483947682,32.4743757431629,49.9125891795482,-0.412208154575026,0.310397462436543,0.843032161292149
59.9274821640904,32.4743757431629,50.9399375743163,-0.276319983315061,0.330197581908247,0.896808817135417
62.6017984542212,32.4743757431629,51.5338733650416,-0.129021124532691,0.342234618160848,0.929501122697214
65.3627972651606,32.4743757431629,51.7008275804631,-0.0144003406382564,0.345453023528379,0.938310572625686
68.2104785969085,32.4743757431629,51.9098715820692,-0.120807295303525,0.340974148851976,0.931227984430817
71.1448424494649,32.4743757431629,52.4509266450499,-0.217304960060115,0.330329161435757,0.915155075021327
74.1658888228300,32.4743757431629,53.3239927694050,-0.302850415996117,0.314891854104895,0.893154062240856
77.2736177170036,32.4743757431629,54.5290699551345,-0.377634174133236,0.295931557219469,0.867892039781324
80.4680291319857,32.4743757431629,56.0661582022386,-0.442583292225033,0.274464483241166,0.841395381258067
83.7491230677765,32.4743757431629,57.9352575107171,-0.498940624942151,0.251223757128198,0.815041929264518
87.1168995243757,32.4743757431629,60.1363678805701,-0.547983699425955,0.226694221468808,0.789668518264959
90.5713585017836,32.4743757431629,62.6694893117976,-0.590868485071860,0.201170021213077,0.765706821784306
94.1125000000000,32.4743757431629,65.5346218043995,-0.628558991714685,0.174812208281843,0.743304610765440
8.55000000000000,35.2482164090369,1.34876634958383,-0.132336759758359,0.270555153283757,0.952824670260186
13.4042211652794,35.2482164090369,2.26374851367420,-0.226062126852830,0.265502753239919,0.935031435323193
17.9117122473246,35.2482164090369,3.61214328180737,-0.326728065395490,0.256914376208420,0.904785411864435
22.0724732461356,35.2482164090369,5.39395065398336,-0.431037146273422,0.244196680459053,0.859997005094924
25.8865041617122,35.2482164090369,7.60917063020214,-0.534337709468692,0.227137613793952,0.799919422491745
29.3538049940547,35.2482164090369,10.2578032104637,-0.631356122989212,0.206089729782473,0.725794265755665
32.4743757431629,35.2482164090369,13.3398483947681,-0.717365836316204,0.181988672830258,0.640916630402214
35.2482164090369,35.2482164090369,16.8553061831153,-0.789271479615232,0.156156937902369,0.549943998699646
37.6753269916766,35.2482164090369,20.8041765755054,-0.846075002802710,0.129981464785105,0.457760810764934
39.7557074910821,35.2482164090369,25.1864595719382,-0.888604934380006,0.104626898614609,0.368468642947102
41.6535225921522,35.2482164090369,29.6738258026159,-0.876285698972133,0.112693430102913,0.396876862536347
43.6343787158145,35.2482164090369,33.7350624256837,-0.851196118177647,0.127257099489710,0.448166306898544
45.7019173602854,35.2482164090369,37.3628864447087,-0.818012292692290,0.143737294364435,0.506205254066053
47.8561385255648,35.2482164090369,40.5572978596908,-0.774010018041415,0.162199284137433,0.571223565875308
50.0970422116528,35.2482164090369,43.3182966706302,-0.715812713629117,0.182481086609552,0.642650783277119
52.4246284185494,35.2482164090369,45.6458828775268,-0.639672094287690,0.204011648265945,0.718475804762676
54.8388971462545,35.2482164090369,47.5400564803805,-0.542316101482329,0.225607854941193,0.794532010879853
57.3398483947681,35.2482164090369,49.0008174791914,-0.422556227857466,0.245388885488553,0.864195640198817
59.9274821640904,35.2482164090369,50.0281658739596,-0.283256720022016,0.261042136038870,0.919322305180367
62.6017984542212,35.2482164090369,50.6221016646849,-0.132260070770966,0.270558176819051,0.952835318362745
65.3627972651605,35.2482164090369,50.7891222844068,-0.0151131150367620,0.273100090916094,0.961857328739446
68.2104785969085,35.2482164090369,51.0031425429744,-0.126706191300893,0.269387694297259,0.953989335150249
71.1448424494649,35.2482164090369,51.5570773298555,-0.227571165355594,0.260583031934955,0.936106180017294
74.1658888228300,35.2482164090369,52.4509266450499,-0.316462871440652,0.247860681676044,0.911598902106277
77.2736177170036,35.2482164090369,53.6846904885576,-0.393544685436227,0.232308802543987,0.883428272183034
80.4680291319857,35.2482164090369,55.2583688603787,-0.459821385050044,0.214798837775282,0.853841186155163
83.7491230677765,35.2482164090369,57.1719617605132,-0.516660793314348,0.195960694519487,0.824364757434393
87.1168995243757,35.2482164090369,59.4254691889610,-0.565478836682404,0.176214154223402,0.795932733942540
90.5713585017836,35.2482164090369,62.0188911457221,-0.607569169361083,0.155818775314432,0.769042326507995
94.1125000000000,35.2482164090369,64.9522276307967,-0.644030627010089,0.134922338611491,0.743892414024045
8.55000000000000,37.6753269916766,0.783724732461356,-0.135536809581495,0.169594777117358,0.975865028986767
13.4042211652794,37.6753269916766,1.69870689655172,-0.231528560142976,0.166427730957111,0.957641533867968
17.9117122473246,37.6753269916766,3.04710166468490,-0.334628712878409,0.161044193180141,0.926664127970978
22.0724732461356,37.6753269916766,4.82890903686088,-0.441460103176825,0.153072233489549,0.880792687784124
25.8865041617122,37.6753269916766,7.04412901307967,-0.547258588714961,0.142378929097510,0.819262362511902
29.3538049940547,37.6753269916766,9.69276159334126,-0.646623015222305,0.129185274663676,0.743344777163120
32.4743757431629,37.6753269916766,12.7748067776457,-0.734712538939264,0.114077769474829,0.656414706322379
35.2482164090369,37.6753269916766,16.2902645659929,-0.808356940551113,0.0978854062007303,0.563242255351743
37.6753269916766,37.6753269916766,20.2391349583829,-0.866534036014816,0.0814775740992736,0.468829975554837
39.7557074910821,37.6753269916766,24.6214179548157,-0.910092388571064,0.0655843192623100,0.377378623951980
41.6535225921522,37.6753269916766,29.1087841854935,-0.897475260369381,0.0706407434082374,0.406473785840842
43.6343787158145,37.6753269916766,33.1700208085612,-0.871778985646990,0.0797698331102334,0.459003465929376
45.7019173602854,37.6753269916766,36.7978448275862,-0.837792738407698,0.0901002775416437,0.518445859296999
47.8561385255648,37.6753269916766,39.9922562425684,-0.792726439887180,0.101672990175991,0.585036386094636
50.0970422116528,37.6753269916766,42.7532550535077,-0.733121860020717,0.114386434100638,0.658190792939735
52.4246284185494,37.6753269916766,45.0808412604043,-0.655140075942434,0.127882650162351,0.735849347655494
54.8388971462545,37.6753269916766,46.9750148632580,-0.555429907108229,0.141420015144003,0.813744677304017
57.3398483947681,37.6753269916766,48.4357758620690,-0.432774106734729,0.153819555223407,0.885092850547801
59.9274821640904,37.6753269916766,49.4631242568371,-0.290106182094865,0.163631637920863,0.941552539511851
62.6017984542212,37.6753269916766,50.0570600475624,-0.135458266169216,0.169596672390053,0.975875934572271
65.3627972651605,37.6753269916766,50.2241218192451,-0.0157014938881226,0.171188867754106,0.985109328783689
68.2104785969085,37.6753269916766,50.4412259553664,-0.131573983468210,0.168778307853452,0.976568009449315
71.1448424494649,37.6753269916766,51.0031425429744,-0.236032675132367,0.163067613902289,0.957120888509169
74.1658888228300,37.6753269916766,51.9098715820692,-0.327653648600169,0.154834085098670,0.930428113736358
77.2736177170036,37.6753269916766,53.1614130726508,-0.406567027936670,0.144800632103799,0.899696816729437
80.4680291319857,37.6753269916766,54.7577670147190,-0.473835206091184,0.133547811694758,0.867365307141729
83.7491230677765,37.6753269916766,56.6989334082741,-0.530928582357339,0.121497196817398,0.835096769204245
87.1168995243757,37.6753269916766,58.9849122533159,-0.579382761235248,0.108932304521017,0.803919135884109
90.5713585017836,37.6753269916766,61.6157035498444,-0.620615471116949,0.0960314187231100,0.774397424803440
94.1125000000000,37.6753269916766,64.5913072978597,-0.655850636251330,0.0828989389666240,0.746784577390139
8.55000000000000,39.7557074910821,0.565413198573127,-0.137530177648806,0.0233384543888882,0.990217279071400
13.4042211652794,39.7557074910821,1.48039536266350,-0.234933698864216,0.0229026275101672,0.971725767217098
17.9117122473246,39.7557074910821,2.82879013079667,-0.339550167003798,0.0221617824617863,0.940292770164364
22.0724732461356,39.7557074910821,4.61059750297265,-0.447952748793771,0.0210647367815398,0.893746689159621
25.8865041617122,39.7557074910821,6.82581747919144,-0.555307234678180,0.0195931985593021,0.831311424587533
29.3538049940547,39.7557074910821,9.47445005945303,-0.656133034486532,0.0177775795440201,0.754277303510568
32.4743757431629,39.7557074910820,12.5564952437574,-0.745518109162557,0.0156985896908373,0.666068734025525
35.2482164090369,39.7557074910821,16.0719530321046,-0.820245614316259,0.0134703092087127,0.571525976426813
37.6753269916766,39.7557074910821,20.0208234244947,-0.879278332431139,0.0112123774042716,0.475725155581240
39.7557074910820,39.7557074910821,24.4031064209275,-0.923477306744077,0.00902525814618991,0.382928809916916
41.6535225921522,39.7557074910821,28.8904726516052,-0.910674615811974,0.00972108809040417,0.412451880407149
43.6343787158145,39.7557074910820,32.9517092746730,-0.884600420629166,0.0109773699597135,0.465754125433561
45.7019173602854,39.7557074910821,36.5795332936980,-0.850114330578290,0.0123989739163765,0.526070750451977
47.8561385255648,39.7557074910821,39.7739447086802,-0.804385232625941,0.0139915301882334,0.593640637986476
50.0970422116528,39.7557074910821,42.5349435196195,-0.743904035798093,0.0157410659711410,0.667870941918414
52.4246284185493,39.7557074910821,44.8625297265161,-0.664775357391298,0.0175983214145731,0.746671637161177
54.8388971462545,39.7557074910821,46.7567033293698,-0.563598730351725,0.0194612394863448,0.825712589634919
57.3398483947681,39.7557074910821,48.2174643281807,-0.439139005594215,0.0211675780039874,0.898110095312041
59.9274821640904,39.7557074910821,49.2448127229489,-0.294372834093704,0.0225178486219093,0.955400148672440
62.6017984542212,39.7557074910821,49.8387485136742,-0.137450479082215,0.0233387152031425,0.990228345047620
65.3627972651605,39.7557074910821,50.0058261849781,-0.0160198024439979,0.0235577397892791,0.999594045743823
68.2104785969085,39.7557074910821,50.2241218192451,-0.134207322022163,0.0232201347053828,0.990676195837889
71.1448424494649,39.7557074910821,50.7891222844068,-0.240607738405225,0.0224205931581915,0.970347528510002
74.1658888228300,39.7557074910821,51.7008275804631,-0.333694865291965,0.0212688009671411,0.942411088195463
77.2736177170036,39.7557074910820,52.9592377074140,-0.413574634398543,0.0198670834732000,0.910208675358115
80.4680291319857,39.7557074910821,54.5643526652596,-0.481336438687904,0.0182978519774382,0.876287282817670
83.7491230677764,39.7557074910821,56.5161724539999,-0.538505369559712,0.0166211898212061,0.842391124999999
87.1168995243757,39.7557074910821,58.8146970736348,-0.586684383769646,0.0148777607316713,0.809607220489987
90.5713585017836,39.7557074910821,61.4599265241644,-0.627363596234083,0.0130933862919358,0.778544899685465
94.1125000000000,39.7557074910821,64.4518608055886,-0.661841449210648,0.0112833980540539,0.749492697132571
8.55000000000000,41.6535225921522,0.725925943816885,-0.134880950271289,-0.188475850338394,0.972419938055044
13.4042211652794,41.6535225921522,1.63970644583801,-0.230480319565647,-0.183653710103895,0.954559472055787
17.9117122473246,41.6535225921522,2.98633034355334,-0.333269161625606,-0.175855043550560,0.924112870394805
22.0724732461356,41.6535225921522,4.76579763696289,-0.439938467962483,-0.164814063373744,0.878911039768376
25.8865041617122,41.6535225921522,6.97810832606665,-0.545787582132375,-0.150594357847869,0.818134692556573
29.3538049940547,41.6535225921522,9.62326241086464,-0.645457407640984,-0.133695577631607,0.742980587588065
32.4743757431629,41.6535225921522,12.7012598913568,-0.734115286232726,-0.115024952830695,0.656743615313760
35.2482164090369,41.6535225921522,16.2121007675432,-0.808565066892294,-0.0957149295049806,0.564128151777509
37.6753269916766,41.6535225921522,20.1557850394239,-0.867736248653438,-0.0768694935452378,0.470097808906139
39.7557074910820,41.6535225921522,24.5323127069987,-0.912422282926752,-0.0593616774004151,0.378842277398370
41.6535225921522,41.6535225921522,29.0137856011702,-0.900686852024036,-0.0611483588599970,0.408464785553388
43.6343787158145,41.6535225921522,33.0696885311938,-0.875638989220323,-0.0661889441599012,0.461642092820374
45.7019173602854,41.6535225921522,36.6927480655231,-0.842091602135074,-0.0718645295249153,0.521791375054584
47.8561385255648,41.6535225921522,39.8829642041583,-0.797241398730743,-0.0782092154770624,0.589142180784339
50.0970422116528,41.6535225921522,42.6403369470992,-0.737613755048177,-0.0851748276658248,0.663094432962511
52.4246284185493,41.6535225921522,44.9648662943459,-0.659355438950693,-0.0925650568590517,0.741557918718062
54.8388971462545,41.6535225921522,46.8565522458984,-0.559112777331398,-0.0999638440264115,0.820217552550294
57.3398483947681,41.6535225921522,48.3153948017567,-0.435690201010348,-0.106710119059385,0.892228512980758
59.9274821640904,41.6535225921522,49.3413939619207,-0.292074966732317,-0.112003684289421,0.949188904149701
62.6017984542212,41.6535225921522,49.9345497263906,-0.136380033452727,-0.115178666062808,0.983808634503393
65.3627972651605,41.6535225921522,50.1014120095125,-0.0159171780368891,-0.116014638249872,0.993118215373020
68.2104785969084,41.6535225921522,50.3197235434007,-0.133347001439482,-0.114979120745594,0.984253891772569
71.1448424494649,41.6535225921522,50.8847651605232,-0.239062804100085,-0.112618550712146,0.964046742620997
74.1658888228299,41.6535225921522,51.7965368608799,-0.331546864337404,-0.109374479646386,0.936276573994237
77.2736177170036,41.6535225921522,53.0550386444709,-0.410903897973753,-0.105634930016672,0.904264968298742
80.4680291319857,41.6535225921522,54.6602705112961,-0.478216350168024,-0.101695655710772,0.870543662715618
83.7491230677765,41.6535225921522,56.6122324613555,-0.534999941945699,-0.0977592117779128,0.836846585928657
87.1168995243757,41.6535225921522,58.9109244946492,-0.582847994468338,-0.0939518557024369,0.804254537821570
90.5713585017836,41.6535225921522,61.5563466111772,-0.623241869562715,-0.0903443885433770,0.773373595545078
94.1125000000000,41.6535225921522,64.5484988109394,-0.657472609749303,-0.0869703704377429,0.744491043392593
8.55000000000000,43.6343787158145,1.31718902348395,-0.127026917639476,-0.366849340418146,0.920174484720415
13.4042211652794,43.6343787158145,2.22662200026404,-0.217257715481482,-0.357789800194962,0.904098068675076
17.9117122473246,43.6343787158145,3.56683901867681,-0.314580127479725,-0.343066152477514,0.876460529559995
22.0724732461356,43.6343787158145,5.33784007872225,-0.416026721686057,-0.322114624955093,0.835113293596401
25.8865041617123,43.6343787158145,7.53962518040036,-0.517289916280737,-0.294989088267338,0.779123601502233
29.3538049940547,43.6343787158145,10.1721943237112,-0.613373499236494,-0.262579821810107,0.709424323500829
32.4743757431629,43.6343787158145,13.2355475086546,-0.699687669287595,-0.226578608421921,0.628936792271318
35.2482164090369,43.6343787158145,16.7296847352308,-0.773108521637016,-0.189143777463125,0.541969002356700
37.6753269916766,43.6343787158145,20.6546060034396,-0.832479812401368,-0.152414708130811,0.453153550037916
39.7557074910821,43.6343787158145,25.0103113132811,-0.878408430541361,-0.118111902515650,0.366463090614810
41.6535225921522,43.6343787158145,29.4704625481686,-0.869682746276449,-0.122027784109089,0.396289751584160
43.6343787158145,43.6343787158145,33.5070685679118,-0.847582363109905,-0.132412553810988,0.448986631648964
45.7019173602854,43.6343787158145,37.1128905460224,-0.816770791353341,-0.144059644002655,0.508521064311470
47.8561385255648,43.6343787158145,40.2879284825002,-0.774522566076701,-0.157032321443254,0.575089634894331
50.0970422116528,43.6343787158145,43.0321823773454,-0.717466432658096,-0.171226402433307,0.648065871018147
52.4246284185493,43.6343787158145,45.3456522305579,-0.641881605360204,-0.186238428213725,0.725356659988909
54.8388971462545,43.6343787158145,47.2283380421378,-0.544565621593369,-0.201224399556488,0.802695912515816
57.3398483947681,43.6343787158145,48.6802398120850,-0.424452162932340,-0.214854003886931,0.873369950622619
59.9274821640904,43.6343787158145,49.7013575403994,-0.284560499645618,-0.225527484508863,0.929189129807977
62.6017984542212,43.6343787158145,50.2916912270812,-0.132872085300010,-0.231921969823054,0.963085350990230
65.3627972651606,43.6343787158145,50.4577734839477,-0.0155819024386311,-0.233605410070443,0.972199412867423
68.2104785969084,43.6343787158145,50.6760850178359,-0.130538212370219,-0.231520306889748,0.963521805240834
71.1448424494649,43.6343787158145,51.2411266349584,-0.234027242866798,-0.226767096958809,0.943740294604153
74.1658888228300,43.6343787158145,52.1528983353151,-0.324563241170429,-0.220234882032771,0.916555070109982
77.2736177170036,43.6343787158145,53.4114001189061,-0.402248717394607,-0.212704978583462,0.885217749154275
80.4680291319857,43.6343787158145,55.0166319857313,-0.468143316334529,-0.204772912393439,0.852206741016918
83.7491230677765,43.6343787158145,56.9685939357907,-0.523730832233654,-0.196846545401935,0.819219451326207
87.1168995243757,43.6343787158145,59.2672859690844,-0.570571024920974,-0.189180107866871,0.787313914257838
90.5713585017836,43.6343787158145,61.9127080856124,-0.610114053175111,-0.181916163784291,0.757083440699640
94.1125000000000,43.6343787158145,64.9048602853746,-0.643623765308342,-0.175122289364287,0.728809263657975
8.55000000000000,45.7019173602854,2.33991435047562,-0.116990934450085,-0.501360291386205,0.854540636960334
13.4042211652794,45.7019173602854,3.24182728359556,-0.200327043501880,-0.489551144550821,0.840593443050779
17.9117122473246,45.7019173602854,4.57096213240388,-0.290580815204511,-0.470239673492672,0.816345682221874
22.0724732461356,45.7019173602854,6.32731889690060,-0.385208469901064,-0.442578982775085,0.779697392064433
25.8865041617123,45.7019173602854,8.51089757708570,-0.480400568085225,-0.406519322217388,0.729595158560958
29.3538049940547,45.7019173602854,11.1216981729592,-0.571629882938672,-0.363125716491321,0.666656432551906
32.4743757431629,45.7019173602854,14.1597206845211,-0.654629758176393,-0.314569179798235,0.593341339896889
35.2482164090369,45.7019173602854,17.6249651117714,-0.726386385468057,-0.263709050567652,0.513461359980370
37.6753269916766,45.7019173602854,21.5174314547100,-0.785655274553860,-0.213447434952497,0.431230817663625
39.7557074910821,45.7019173602854,25.8371197133371,-0.832829187448768,-0.166172383207084,0.350344872094808
41.6535225921522,45.7019173602854,30.2603902402740,-0.827658706961427,-0.172327624194788,0.380285142986161
43.6343787158145,45.7019173602854,34.2636178206134,-0.809137031383406,-0.187575049609624,0.432194922450836
45.7019173602854,45.7019173602854,37.8396234852644,-0.781720483224543,-0.204597052162547,0.490756797804704
47.8561385255648,45.7019173602854,40.9884072342269,-0.742772844110513,-0.223468716387124,0.556113663214199
50.0970422116528,45.7019173602854,43.7099690675011,-0.689056184004239,-0.244022302834838,0.627593276080845
52.4246284185494,45.7019173602854,46.0043089850869,-0.617033530227972,-0.265661654969512,0.703090971178089
54.8388971462545,45.7019173602854,47.8714269869843,-0.523721744018993,-0.287168477902028,0.778408410003559
57.3398483947682,45.7019173602854,49.3113230731934,-0.408246318431736,-0.306649823350377,0.847028171306490
59.9274821640904,45.7019173602854,50.3239972437140,-0.273672316010323,-0.321855896712690,0.901086445137284
62.6017984542212,45.7019173602854,50.9094494985462,-0.127774815494327,-0.330947530069433,0.933861286815462
65.3627972651606,45.7019173602854,51.0741825208086,-0.0151086294111753,-0.333339778525664,0.942670556475804
68.2104785969085,45.7019173602854,51.2924940546968,-0.126573342534174,-0.330364471437329,0.934256516000190
71.1448424494649,45.7019173602854,51.8575356718193,-0.226919074774042,-0.323581948955562,0.915075834143148
74.1658888228300,45.7019173602854,52.7693073721760,-0.314705200513674,-0.314260901655883,0.888716313284917
77.2736177170036,45.7019173602854,54.0278091557670,-0.390031116301201,-0.303516217500856,0.858330808631454
80.4680291319857,45.7019173602854,55.6330410225922,-0.453924282074915,-0.292197673181887,0.826322452116520
83.7491230677765,45.7019173602854,57.5850029726516,-0.507823424423895,-0.280887261249800,0.794337093641909
87.1168995243757,45.7019173602854,59.8836950059453,-0.553240928200984,-0.269947751804156,0.763400631446163
90.5713585017836,45.7019173602854,62.5291171224733,-0.591582906148824,-0.259582574426715,0.734088355636838
94.1125000000000,45.7019173602854,65.5212693222354,-0.624074819398194,-0.249888155989178,0.706672957259720
8.55000000000000,47.8561385255648,3.79410192479191,-0.106739503225257,-0.599569184735985,0.789014886514256
13.4042211652794,47.8561385255648,4.68532229583256,-0.182997495220065,-0.586165206992474,0.777089555001621
17.9117122473246,47.8561385255648,5.99869968473457,-0.265945563310587,-0.564106990105563,0.756100319411949
22.0724732461356,47.8561385255648,7.73423409149793,-0.353459536355610,-0.532293379246947,0.724018172762128
25.8865041617123,47.8561385255648,9.89192551612266,-0.442234099962669,-0.490508243138692,0.679688885454041
29.3538049940547,47.8561385255648,12.4717739586087,-0.528224761436948,-0.439822295137885,0.623426724358107
32.4743757431629,47.8561385255648,15.4737794189562,-0.607504144705898,-0.382636216919746,0.557234015581599
35.2482164090369,47.8561385255648,18.8979418971650,-0.677182963191263,-0.322240234807876,0.484423947455158
37.6753269916766,47.8561385255648,22.7442613932352,-0.735941792024379,-0.262070886646597,0.408790444068545
39.7557074910821,47.8561385255648,27.0127379071667,-0.783975217437037,-0.205031999970100,0.333750305676601
41.6535225921522,47.8561385255648,31.3835686774864,-0.782021128559684,-0.213421664059971,0.363626953350547
43.6343787158145,47.8561385255648,35.3393362892984,-0.766850256374251,-0.233012898254078,0.414522071199230
45.7019173602854,47.8561385255648,38.8729468832490,-0.742701470731541,-0.254787763500962,0.471855070100553
47.8561385255648,47.8561385255648,41.9844004593383,-0.707023221603392,-0.278811573500062,0.535698876836504
50.0970422116528,47.8561385255648,44.6736970175662,-0.656720764523878,-0.304840059141177,0.605318441630107
52.4246284185493,47.8561385255648,46.9408365579328,-0.588468671560453,-0.332093104960371,0.678587121547818
54.8388971462545,47.8561385255648,48.7858190804380,-0.499546040747248,-0.359027805463388,0.751384003626444
57.3398483947681,47.8561385255648,50.2086445850818,-0.389311427160198,-0.383295742870146,0.817433136838015
59.9274821640904,47.8561385255648,51.2093130718643,-0.260882159848537,-0.402153068211924,0.869279584994238
62.6017984542212,47.8561385255648,51.7878245407854,-0.121768463067325,-0.413394894419013,0.900640440859134
65.3627972651606,47.8561385255648,51.9506391200951,-0.0145699903659419,-0.416349675914406,0.909063327474995
68.2104785969084,47.8561385255648,52.1689506539834,-0.122060865424624,-0.412633443343985,0.900949256679290
71.1448424494649,47.8561385255648,52.7339922711058,-0.218829163342955,-0.404161904034587,0.882452386959090
74.1658888228300,47.8561385255648,53.6457639714626,-0.303485618371480,-0.392519684076415,0.857032611643719
77.2736177170036,47.8561385255648,54.9042657550535,-0.376126083463451,-0.379099306269919,0.827730383227303
80.4680291319857,47.8561385255648,56.5094976218787,-0.437741388494627,-0.364962162842668,0.796863159380561
83.7491230677765,47.8561385255648,58.4614595719382,-0.489718967888844,-0.350835176968942,0.766018113669030
87.1168995243757,47.8561385255648,60.7601516052319,-0.533517288336617,-0.337171457527772,0.736184569945008
90.5713585017836,47.8561385255648,63.4055737217598,-0.570492333134393,-0.324225093127518,0.707917308598999
94.1125000000000,47.8561385255648,66.3977259215220,-0.601825874392886,-0.312116523329761,0.681479298944885
8.55000000000000,50.0970422116528,5.67975174643282,-0.0971542159809458,-0.671109511572483,0.729510046133566
13.4042211652794,50.0970422116528,6.55710703697505,-0.166766616552771,-0.656903573988384,0.719357290481284
17.9117122473246,50.0970422116528,7.85005167566886,-0.242818360494508,-0.633385140187725,0.701257953568955
22.0724732461356,50.0970422116528,9.55858566251426,-0.323568755912506,-0.599232770813360,0.673264860830060
25.8865041617123,50.0970422116528,11.6827089975112,-0.406181770227296,-0.554028526677144,0.634144126739259
29.3538049940547,50.0970422116528,14.2224216806598,-0.487067466056144,-0.498729689265548,0.583936182999352
32.4743757431629,50.0970422116528,17.1777237119600,-0.562619681190851,-0.435782077621541,0.524219171906543
35.2482164090369,50.0970422116528,20.5486150914117,-0.630067092490318,-0.368704260024801,0.457842373195157
37.6753269916766,50.0970422116528,24.3350958190150,-0.688021258187754,-0.301296984511989,0.388211799846740
39.7557074910821,50.0970422116528,28.5371658947699,-0.736497802777702,-0.236869086560548,0.318493372065018
41.6535225921522,50.0970422116528,32.8399978598057,-0.737088739523494,-0.247375911463701,0.348150451226920
43.6343787158145,50.0970422116528,36.7342239739669,-0.724668326085436,-0.270786051842094,0.397911029628180
45.7019173602854,50.0970422116528,40.2128607399764,-0.703285524804862,-0.296697288561432,0.453874335713490
47.8561385255648,50.0970422116528,43.2759081578344,-0.670469385407393,-0.325142460148259,0.516030789971615
50.0970422116528,50.0970422116528,45.9233662275408,-0.623273974526222,-0.355785215973169,0.583568384532687
52.4246284185494,50.0970422116528,48.1552349490955,-0.558604144427145,-0.387666506915910,0.654328783583761
54.8388971462545,50.0970422116528,49.9715143224988,-0.474031183841455,-0.418964370787256,0.724274077690144
57.3398483947682,50.0970422116528,51.3722043477504,-0.369174732388134,-0.446978289295370,0.787402268917438
59.9274821640904,50.0970422116528,52.3573050248505,-0.247206108392897,-0.468623236329418,0.836727229491476
62.6017984542212,50.0970422116528,52.9268163537989,-0.115326202700312,-0.481477384328552,0.866471370120809
65.3627972651606,50.0970422116528,53.0871432818074,-0.0140152345252323,-0.484849940030942,0.874450525556439
68.2104785969085,50.0970422116528,53.3054548156956,-0.117413369007971,-0.480522291318468,0.866645399931788
71.1448424494649,50.0970422116528,53.8704964328181,-0.210497191019496,-0.470656965214610,0.848852802915577
74.1658888228300,50.0970422116528,54.7822681331748,-0.291930331433440,-0.457099299687071,0.824400891577570
77.2736177170036,50.0970422116528,56.0407699167658,-0.361804993579116,-0.441470923466094,0.796214352461664
80.4680291319857,50.0970422116528,57.6460017835910,-0.421074281249631,-0.425007855186150,0.766522405487822
83.7491230677765,50.0970422116528,59.5979637336504,-0.471072801973893,-0.408556615639366,0.736851792211429
87.1168995243757,50.0970422116528,61.8966557669441,-0.513203490977073,-0.392644861806242,0.708154167744338
90.5713585017836,50.0970422116528,64.5420778834721,-0.548770702169823,-0.377568486427071,0.680963189082030
94.1125000000000,50.0970422116528,67.5342300832343,-0.578911211409304,-0.363467744478829,0.655531812919359
8.55000000000000,52.4246284185494,7.99686381539834,-0.0884928570079769,-0.723909911993744,0.677632906447949
13.4042211652794,52.4246284185494,8.85718150702302,-0.152081215267697,-0.709435056627232,0.669002516583403
17.9117122473246,52.4246284185493,10.1250181052068,-0.221856976752130,-0.685336720808963,0.653410356215571
22.0724732461356,52.4246284185494,11.8003736099496,-0.296421985601864,-0.650105668661899,0.628993889898132
25.8865041617123,52.4246284185494,13.8832480212515,-0.373366241586936,-0.603102752985136,0.594455349974859
29.3538049940547,52.4246284185494,16.3736413391124,-0.449515936532911,-0.545086916543950,0.549588964556149
32.4743757431629,52.4246284185494,19.2715535635324,-0.521557620184147,-0.478411161912148,0.495583593210052
35.2482164090369,52.4246284185493,22.5769846945114,-0.586821032900214,-0.406669492038038,0.434862044456510
37.6753269916766,52.4246284185494,26.2899347320496,-0.643843836574398,-0.333901242056487,0.370479398381805
39.7557074910821,52.4246284185494,30.4104036761468,-0.692470751009414,-0.263744206049775,0.305384522945728
41.6535225921522,52.4246284185493,34.6296777872320,-0.694911359484346,-0.276192324865087,0.334728924614720
43.6343787158145,52.4246284185494,38.4482808746188,-0.684563425554867,-0.302932079926373,0.383333730444485
45.7019173602854,52.4246284185493,41.8593650554465,-0.665336036211086,-0.332404970418639,0.437886584031947
47.8561385255648,52.4246284185493,44.8629303297151,-0.634840177526584,-0.364589119384466,0.498284884611726
50.0970422116528,52.4246284185494,47.4589766974247,-0.590286742531224,-0.399040061021106,0.563627840989789
52.4246284185493,52.4246284185493,49.6475041585752,-0.528828088659886,-0.434623501218615,0.631717679805238
54.8388971462545,52.4246284185493,51.4285127131667,-0.448351650989106,-0.469281589325228,0.698604611497098
57.3398483947681,52.4246284185494,52.8020023611991,-0.348757534629412,-0.500060583343093,0.758586199421638
59.9274821640904,52.4246284185493,53.7679731026724,-0.233268596804226,-0.523679365740190,0.805188617536212
62.6017984542212,52.4246284185493,54.3264249375867,-0.108742208723973,-0.537638813467437,0.833184189743594
65.3627972651605,52.4246284185494,54.4836950059453,-0.0134740083705967,-0.541292124114607,0.840681879408280
68.2104785969085,52.4246284185493,54.7020065398335,-0.112879218252478,-0.536460686652024,0.833178164232428
71.1448424494649,52.4246284185493,55.2670481569560,-0.202368423352285,-0.525446921606493,0.816072663735846
74.1658888228300,52.4246284185493,56.1788198573127,-0.280656861095232,-0.510310985793097,0.792565011584021
77.2736177170036,52.4246284185493,57.4373216409037,-0.347833174195697,-0.492863284426825,0.765466951733355
80.4680291319857,52.4246284185493,59.0425535077289,-0.404813660448287,-0.474483723117348,0.736921618343137
83.7491230677764,52.4246284185494,60.9945154577883,-0.452881388857918,-0.456117367543439,0.708396794807212
87.1168995243757,52.4246284185494,63.2932074910820,-0.493385117515890,-0.438353300108119,0.680807386182641
90.5713585017836,52.4246284185494,65.9386296076100,-0.527578830112502,-0.421521858915366,0.654666441238691
94.1125000000000,52.4246284185493,68.9307818073722,-0.556555403644373,-0.405779626256188,0.630217148244363
8.55000000000000,54.8388971462545,10.7454381316885,-0.0807372376888374,-0.763649547421589,0.633117198337236
13.4042211652794,54.8388971462545,11.5855457059765,-0.138918313695270,-0.749273683756954,0.625800107781829
17.9117122473246,54.8388971462545,12.8235989733483,-0.203044397869007,-0.725213414523597,0.612389714874690
22.0724732461356,54.8388971462545,14.4595979338039,-0.272023572553622,-0.689801264961784,0.591107552347918
25.8865041617123,54.8388971462545,16.4935425873433,-0.343833122088079,-0.642166844948210,0.560603566355438
29.3538049940547,54.8388971462545,18.9254329339665,-0.415681232888942,-0.582807306609834,0.520447925267619
32.4743757431629,54.8388971462545,21.7552689736735,-0.484521645778112,-0.513873353205701,0.471467502067703
35.2482164090369,54.8388971462545,24.9830507064643,-0.547767546768085,-0.438910656807220,0.415686656325054
37.6753269916766,54.8388971462545,28.6087781323388,-0.603871374776914,-0.362097762205248,0.355837666044032
39.7557074910821,54.8388971462545,32.6324512512972,-0.652503139492198,-0.287347884984005,0.294681008882455
41.6535225921522,54.8388971462545,36.7526084597653,-0.656191099169217,-0.301547988280810,0.323681680334292
43.6343787158145,54.8388971462545,40.4815069912542,-0.647288219091201,-0.331186925024364,0.371180369436361
45.7019173602854,54.8388971462545,43.8124598296593,-0.629624404293029,-0.363707218984377,0.424351849658684
47.8561385255648,54.8388971462545,46.7454669749806,-0.600899011108291,-0.399010839744685,0.482990681218451
50.0970422116528,54.8388971462545,49.2805284272181,-0.558491626381396,-0.436529944746577,0.546097297897688
52.4246284185493,54.8388971462545,51.4176441863718,-0.499820417961185,-0.474959512745227,0.611429606119712
54.8388971462545,54.8388971462545,53.1568142524417,-0.423109576025650,-0.512048977636523,0.675133227694058
57.3398483947681,54.8388971462545,54.4980386254279,-0.328551814212705,-0.544686735761257,0.731828236023465
59.9274821640904,54.8388971462544,55.4413173053302,-0.219413904316959,-0.569530826981641,0.775585085537247
62.6017984542212,54.8388971462545,55.9866502921487,-0.102181846666436,-0.584130814072218,0.801752958348104
65.3627972651606,54.8388971462545,56.1402942925089,-0.0129621637419559,-0.587939109910881,0.808746430614159
68.2104785969085,54.8388971462545,56.3586058263972,-0.108591212786058,-0.582691313176377,0.801527763228242
71.1448424494649,54.8388971462545,56.9236474435196,-0.194680941821147,-0.570728413793296,0.785072058865711
74.1658888228300,54.8388971462545,57.8354191438763,-0.269995393260890,-0.554288106917684,0.762457404933490
77.2736177170036,54.8388971462545,59.0939209274673,-0.334619842499715,-0.535336813236742,0.736388734110919
80.4680291319857,54.8388971462545,60.6991527942925,-0.389435779419727,-0.515373354624589,0.708927768131398
83.7491230677765,54.8388971462545,62.6511147443520,-0.435677532371964,-0.495424239780005,0.681486532886962
87.1168995243757,54.8388971462545,64.9498067776457,-0.474642623426092,-0.476129316519479,0.654945178428861
90.5713585017836,54.8388971462545,67.5952288941736,-0.507537400498509,-0.457847390526982,0.629797264058230
94.1125000000000,54.8388971462545,70.5873810939358,-0.535413224861256,-0.440748537901357,0.606276739916422
8.55000000000000,57.3398483947681,13.9254746953032,-0.0737722737042553,-0.794206448535789,0.595062355153119
13.4042211652794,57.3398483947681,14.7421996338354,-0.127087248702072,-0.780194675923686,0.588894084683402
17.9117122473246,57.3398483947681,15.9457942800934,-0.186116991607761,-0.756625317604950,0.577406919341022
22.0724732461356,57.3398483947681,17.5362586340772,-0.250045767250382,-0.721700459217707,0.558905725761888
25.8865041617123,57.3398483947682,19.5135926957868,-0.317207156349200,-0.674315547263651,0.531998252237617
29.3538049940547,57.3398483947681,21.8777964652221,-0.385166357690308,-0.614657160057024,0.496048675298519
32.4743757431629,57.3398483947681,24.6288699423832,-0.451127782584451,-0.544581038881299,0.451541047322595
35.2482164090369,57.3398483947681,27.7668131272701,-0.512575924594479,-0.467474643512217,0.400117063264630
37.6753269916766,57.3398483947681,31.2916260198828,-0.567865310964129,-0.387566976885934,0.344200817091847
39.7557074910821,57.3398483947681,35.2033086202213,-0.616478737769999,-0.309003593270664,0.286382666377070
41.6535225921522,57.3398483947681,39.2087898774055,-0.620925719992097,-0.324777382895701,0.315055102593538
43.6343787158145,57.3398483947681,42.8339023238730,-0.612927233367575,-0.356947567150192,0.361539121588674
45.7019173602854,57.3398483947681,46.0721450626148,-0.596299175251272,-0.392061868017093,0.413397493018387
47.8561385255648,57.3398483947681,48.9235180936307,-0.568839735096660,-0.429925453738794,0.470312228790529
50.0970422116528,57.3398483947681,51.3880214169209,-0.528112823770476,-0.469833647274389,0.531176873403419
52.4246284185493,57.3398483947681,53.4656550324853,-0.471822257372173,-0.510318190363742,0.593704004283168
54.8388971462545,57.3398483947681,55.1564189403239,-0.398546572576396,-0.548981557932342,0.654146151034614
57.3398483947681,57.3398483947681,56.4603131404368,-0.308775623720994,-0.582647604741365,0.707468948793894
59.9274821640904,57.3398483947681,57.3773376328238,-0.205805787533217,-0.608037972414225,0.748310726335841
62.6017984542212,57.3398483947681,57.9074924174851,-0.0957269560290050,-0.622860294539446,0.772609700367717
65.3627972651605,57.3398483947681,58.0569411414982,-0.0124868026456496,-0.626710598985699,0.779087293641045
68.2104785969085,57.3398483947681,58.2752526753864,-0.104608850042705,-0.621116737683744,0.772133356257831
71.1448424494649,57.3398483947681,58.8402942925089,-0.187541412667190,-0.608364948065407,0.756281131516603
74.1658888228300,57.3398483947681,59.7520659928656,-0.260093859173434,-0.590840489501857,0.734495824204269
77.2736177170036,57.3398483947681,61.0105677764566,-0.322348337653524,-0.570639457772334,0.709383169073843
80.4680291319857,57.3398483947681,62.6157996432818,-0.375154011133875,-0.549359514162961,0.682929278390818
83.7491230677764,57.3398483947681,64.5677615933413,-0.419699941473769,-0.528094860217115,0.656494394858139
87.1168995243757,57.3398483947681,66.8664536266350,-0.457236066749505,-0.507527538346283,0.630926390806947
90.5713585017836,57.3398483947681,69.5118757431629,-0.488924494511484,-0.488040015580351,0.606700725250868
94.1125000000000,57.3398483947681,72.5040279429251,-0.515778029486956,-0.469813583641510,0.584042768683760
8.55000000000000,59.9274821640904,17.5369735062426,-0.0674633778863586,-0.818202151847387,0.562461484562732
13.4042211652794,59.9274821640904,18.3271432905999,-0.116361592334438,-0.804753649657953,0.557314404628037
17.9117122473246,59.9274821640904,19.4916040254422,-0.170754307276258,-0.782021705867193,0.547549045098604
22.0724732461356,59.9274821640904,21.0303557107695,-0.230077037557882,-0.748105841593373,0.531554411445074
25.8865041617122,59.9274821640904,22.9433983465819,-0.292995825198259,-0.701671639582529,0.507906837676626
29.3538049940547,59.9274821640904,25.2307319328792,-0.357417494303411,-0.642558538372784,0.475781062372263
32.4743757431629,59.9274821640904,27.8923564696616,-0.420791696740001,-0.572245516274327,0.435331629110864
35.2482164090369,59.9274821640904,30.9282719569291,-0.480671275055789,-0.493855982964094,0.387821995488915
37.6753269916766,59.9274821640904,34.3384783946815,-0.535303003106480,-0.411579182368145,0.335368011116492
39.7557074910821,59.9274821640904,38.1229757829190,-0.583964651633845,-0.329749602955582,0.280395205648464
41.6535225921522,59.9274821640904,41.9982220401527,-0.588780973648884,-0.346938255545354,0.308784885373978
43.6343787158145,59.9274821640904,45.5054668724754,-0.581229502690150,-0.381325153196874,0.354363864556878
45.7019173602854,59.9274821640904,48.6384207543130,-0.565179867246053,-0.418629061426400,0.404991316386610
47.8561385255648,59.9274821640904,51.3970836856656,-0.538543115243790,-0.458538710953021,0.460227136260878
50.0970422116528,59.9274821640904,53.7814556665332,-0.499086645173102,-0.500202255947995,0.518852355084859
52.4246284185493,59.9274821640904,55.7915366969157,-0.444820913509716,-0.542001036915482,0.578538346512758
54.8388971462545,59.9274821640904,57.4273267768133,-0.374692526897758,-0.581441468895991,0.635661841154736
57.3398483947681,59.9274821640904,58.6888259062258,-0.289484205927743,-0.615375393348954,0.685558701953730
59.9274821640904,59.9274821640904,59.5760340851532,-0.192499617791942,-0.640700827468652,0.723451892204241
62.6017984542212,59.9274821640904,60.0889513135957,-0.0894088711252978,-0.655374144528927,0.745867900797900
65.3627972651605,59.9274821640904,60.2336355529132,-0.0120498748649257,-0.659166647913111,0.751826121036596
68.2104785969085,59.9274821640904,60.4519470868014,-0.100948464434772,-0.653283092075268,0.745115510028785
71.1448424494649,59.9274821640904,61.0169887039239,-0.180979120016634,-0.639870913581372,0.729817973110555
74.1658888228300,59.9274821640904,61.9287604042806,-0.250992871843572,-0.621438899464293,0.708794959096713
77.2736177170036,59.9274821640904,63.1872621878716,-0.311068993550168,-0.600191697979131,0.684561025043699
80.4680291319857,59.9274821640904,64.7924940546968,-0.362026934958655,-0.577809709993811,0.659032786833581
83.7491230677764,59.9274821640904,66.7444560047562,-0.405014151267742,-0.555443803492147,0.633522890691461
87.1168995243757,59.9274821640904,69.0431480380500,-0.441236843763357,-0.533811342454966,0.608849540907230
90.5713585017836,59.9274821640904,71.6885701545779,-0.471816456498016,-0.513314601090548,0.585471559629372
94.1125000000000,59.9274821640904,74.6807223543401,-0.497730354980915,-0.494144259845344,0.563606431375448
8.55000000000000,62.6017984542212,21.5799345645065,-0.0616855106912320,-0.837420618778312,0.534394685123085
13.4042211652794,62.6017984542212,22.3403766762698,-0.106529359707592,-0.824689692178512,0.530168827152469
17.9117122473246,62.6017984542212,23.4610282093945,-0.156652742833614,-0.803069429069440,0.521967690144080
22.0724732461356,62.6017984542212,24.9418891638808,-0.211720838445517,-0.770586372925055,0.508267469325710
25.8865041617122,62.6017984542212,26.7829595397286,-0.270713560495203,-0.725688853354285,0.487626048768366
29.3538049940547,62.6017984542212,28.9842393369379,-0.331872192399235,-0.667845044445920,0.459046277015918
32.4743757431629,62.6017984542212,31.5457285555087,-0.392897536958674,-0.598084425985136,0.422363739220815
35.2482164090369,62.6017984542212,34.4674271954411,-0.451419463487927,-0.519158992195925,0.378458973191647
37.6753269916766,62.6017984542212,37.7493352567350,-0.505573702984338,-0.435117095662694,0.329124862849459
39.7557074910820,62.6017984542212,41.3914527393904,-0.554412987409230,-0.350428215920422,0.276612421651288
41.6535225921522,62.6017984542212,45.1209049480069,-0.559283293634510,-0.368891136261686,0.304781338908979
43.6343787158145,62.6017984542212,48.4962006370612,-0.551788160687600,-0.405217442377391,0.349565380906063
45.7019173602854,62.6017984542212,51.5112869047539,-0.535921852465309,-0.444336620117787,0.399038457994349
47.8561385255648,62.6017984542212,54.1661637510852,-0.509726031942403,-0.485803111019377,0.452629459921997
50.0970422116528,62.6017984542212,56.4608311760548,-0.471194125751485,-0.528612605272339,0.509004908339454
52.4246284185493,62.6017984542212,58.3952891796630,-0.418664489892236,-0.571016945725093,0.565805726059112
54.8388971462545,62.6017984542212,59.9695377619097,-0.351460049220939,-0.610484845073614,0.619557095220477
57.3398483947681,62.6017984542212,61.1835769227948,-0.270641769965137,-0.643988375198476,0.665991763584705
59.9274821640904,62.6017984542212,62.0374066623184,-0.179489502837481,-0.668701686170558,0.700927499865216
62.6017984542212,62.6017984542212,62.5310269804805,-0.0832301229491163,-0.682900103962760,0.721466385299818
65.3627972651605,62.6017984542212,62.6703775267539,-0.0116504984531835,-0.686547967587969,0.726907885632540
68.2104785969085,62.6017984542212,62.8886890606421,-0.0976026674079334,-0.680420012972168,0.720419688531507
71.1448424494649,62.6017984542212,63.4537306777646,-0.174980817763480,-0.666450702001924,0.705629167285339
74.1658888228300,62.6017984542212,64.3655023781213,-0.242674060764336,-0.647253034961736,0.685302931951356
77.2736177170036,62.6017984542212,65.6240041617123,-0.300759042630268,-0.625123239647072,0.661872198075355
80.4680291319857,62.6017984542212,67.2292360285375,-0.350028053654198,-0.601811519597902,0.637190057960756
83.7491230677764,62.6017984542212,69.1811979785969,-0.391590518221648,-0.578516549045928,0.612525651991717
87.1168995243757,62.6017984542212,71.4798900118906,-0.426612659747672,-0.555985490767991,0.588670066210262
90.5713585017836,62.6017984542212,74.1253121284185,-0.456178753575012,-0.534637329160500,0.566066915740291
94.1125000000000,62.6017984542212,77.1174643281807,-0.481233771786840,-0.514670665401750,0.544926476876275
8.55000000000000,65.3627972651606,26.0471076471463,-0.0573399434043674,-0.847589418929339,0.519173528651903
13.4042211652794,65.3627972651605,26.7747028783910,-0.0991444982812741,-0.835713947500574,0.515691302069833
17.9117122473246,65.3627972651606,27.8469484823306,-0.146091700361926,-0.815470801605966,0.508753578157665
22.0724732461356,65.3627972651605,29.2638444589651,-0.198046946140379,-0.784862629061558,0.496904780007465
25.8865041617122,65.3627972651605,31.0253908082944,-0.254266846946112,-0.742160712219297,0.478677417542143
29.3538049940547,65.3627972651605,33.1315875303186,-0.313290937342452,-0.686468252258140,0.452907750252745
32.4743757431629,65.3627972651606,35.5824346250377,-0.373041705687363,-0.618312970449627,0.419122545655677
35.2482164090369,65.3627972651605,38.3779320924516,-0.431198765052672,-0.539964726359234,0.377826443338175
37.6753269916766,65.3627972651605,41.5180799325604,-0.485750740459202,-0.455200702050060,0.330495843019602
39.7557074910821,65.3627972651605,45.0028781453641,-0.535477184165238,-0.368531338556038,0.279225816589376
41.6535225921522,65.3627972651605,48.5712387084748,-0.539934029476335,-0.387770578495792,0.307520123908839
43.6343787158145,65.3627972651605,51.8007403489119,-0.531774066448482,-0.425217067761587,0.352094715625432
45.7019173602854,65.3627972651606,54.6855916166542,-0.515273624785808,-0.465174966933634,0.400984435701073
47.8561385255648,65.3627972651606,57.2257925117015,-0.488616613710882,-0.507060159548774,0.453472074953372
50.0970422116528,65.3627972651606,59.4213430340540,-0.450038509171243,-0.549737174750238,0.508098713478523
52.4246284185494,65.3627972651605,61.2722431837117,-0.398220118154344,-0.591389825218444,0.562471761345721
54.8388971462545,65.3627972651605,62.7784929606744,-0.332864866736829,-0.629556426714140,0.613267066923005
57.3398483947681,65.3627972651606,63.9400923649423,-0.255303339266659,-0.661465929113700,0.656609018845497
59.9274821640904,65.3627972651605,64.7570413965153,-0.168785767077286,-0.684694700988311,0.688884132727313
62.6017984542212,65.3627972651606,65.2293400553935,-0.0781188798123920,-0.697911622889798,0.707730459531712
65.3627972651606,65.3627972651605,65.3627972651605,-0.0114228513773209,-0.701281482771936,0.712704334149257
68.2104785969085,65.3627972651605,65.5811087990488,-0.0956955419814042,-0.695022020502422,0.706342914379134
71.1448424494650,65.3627972651606,66.1461504161713,-0.171561747613309,-0.680752924134790,0.691841395266712
74.1658888228300,65.3627972651605,67.0579221165280,-0.237932285934470,-0.661143269684855,0.671912328178849
77.2736177170036,65.3627972651605,68.3164239001189,-0.294882305521625,-0.638538562651448,0.648939423474160
80.4680291319857,65.3627972651605,69.9216557669441,-0.343188615564536,-0.614726566441655,0.624739564615225
83.7491230677765,65.3627972651605,71.8736177170036,-0.383938962645130,-0.590931679178044,0.600557093382224
87.1168995243757,65.3627972651605,74.1723097502973,-0.418276782539691,-0.567917097963735,0.577167638244703
90.5713585017836,65.3627972651605,76.8177318668252,-0.447265164191751,-0.546110798719773,0.555006146226553
94.1125000000000,65.3627972651605,79.8098840665874,-0.471830615227160,-0.525715644662384,0.534278784889578
8.55000000000000,68.2104785969085,30.4096703700951,-0.0600449006214857,-0.815789439460550,0.568739203281220
13.4042211652794,68.2104785969085,31.1051879151020,-0.103885713259278,-0.804856654200053,0.565273683263122
17.9117122473246,68.2104785969085,32.1301611393226,-0.153254837512107,-0.786268262284921,0.558313178224648
22.0724732461356,68.2104785969085,33.4845900427571,-0.208139561130643,-0.758147692343550,0.546312846509121
25.8865041617123,68.2104785969084,35.1684746254053,-0.267918454819611,-0.718761050432132,0.527639846905207
29.3538049940547,68.2104785969085,37.1818148872672,-0.331197448800914,-0.667011450722548,0.500876501366752
32.4743757431629,68.2104785969084,39.5246108283430,-0.395831403792517,-0.603024416784357,0.465238488044936
35.2482164090369,68.2104785969085,42.1968624486325,-0.459239262711771,-0.528567644479261,0.420954936496877
37.6753269916766,68.2104785969085,45.1985697481358,-0.518973819781311,-0.447001091848607,0.369385406886393
39.7557074910821,68.2104785969085,48.5297327268529,-0.573312819443939,-0.362659274633879,0.312743293668415
41.6535225921522,68.2104785969085,51.9407740201119,-0.575613584394386,-0.379960868322441,0.342961705244897
43.6343787158145,68.2104785969084,55.0278957549669,-0.563814013930904,-0.414374558390017,0.390526018397021
45.7019173602854,68.2104785969085,57.7855618106082,-0.543116603175522,-0.450656027520575,0.442144713112619
47.8561385255648,68.2104785969085,60.2137721870356,-0.511809782855650,-0.488172739737973,0.496904186184171
50.0970422116528,68.2104785969085,62.3125268842493,-0.468336807049250,-0.525820364249042,0.553144327107409
52.4246284185493,68.2104785969085,64.0818259022493,-0.411699233672550,-0.561958690892714,0.608330147347232
54.8388971462545,68.2104785969085,65.5216692410354,-0.341990290779543,-0.594503152180412,0.659139313260036
57.3398483947681,68.2104785969085,66.6320569006078,-0.260882134013925,-0.621253723362506,0.701901936899881
59.9274821640904,68.2104785969085,67.4129888809663,-0.171765956658809,-0.640430371681335,0.733380243721077
62.6017984542212,68.2104785969085,67.8644651821112,-0.0793049144013475,-0.651205720248319,0.751612051417618
65.3627972651606,68.2104785969085,67.9921670630202,-0.0121231056936241,-0.653918561354930,0.756395201670026
68.2104785969084,68.2104785969084,68.2104785969084,-0.101561959578020,-0.648081848618760,0.749643808196780
71.1448424494649,68.2104785969085,68.7755202140309,-0.182078986287818,-0.634776453855340,0.734253303399786
74.1658888228300,68.2104785969085,69.6872919143876,-0.252518233410270,-0.616491189889887,0.713102526006222
77.2736177170036,68.2104785969084,70.9457936979786,-0.312959456350437,-0.595413152231302,0.688721314816041
80.4680291319857,68.2104785969085,72.5510255648038,-0.364227084981401,-0.573209362901304,0.663037933580764
83.7491230677765,68.2104785969085,74.5029875148633,-0.407475547943174,-0.551021527019027,0.637373005883923
87.1168995243757,68.2104785969085,76.8016795481570,-0.443918376981191,-0.529561297129082,0.612549708496774
90.5713585017836,68.2104785969085,79.4471016646849,-0.474683831511465,-0.509227744653515,0.589029651972371
94.1125000000000,68.2104785969085,82.4392538644471,-0.500755216796673,-0.490210031898425,0.567031642549174
8.55000000000000,71.1448424494649,34.3407708457194,-0.0629601040762389,-0.776349891470853,0.622210289821803
13.4042211652794,71.1448424494649,35.0073832229075,-0.108973961702409,-0.766258955999301,0.618671909773778
17.9117122473246,71.1448424494649,35.9897593577111,-0.160893089007001,-0.749176341748314,0.611555383488736
22.0724732461356,71.1448424494650,37.2878992501301,-0.218813177242327,-0.723373785012038,0.599231958998596
25.8865041617123,71.1448424494649,38.9018029001645,-0.282224573050737,-0.687174191839235,0.579915207101892
29.3538049940547,71.1448424494649,40.8314703078144,-0.349799731619100,-0.639375351046796,0.551947617735771
32.4743757431629,71.1448424494649,43.0769014730797,-0.419338881909596,-0.579802247384769,0.514239270320936
35.2482164090369,71.1448424494649,45.6380963959604,-0.488016014576730,-0.509783469259553,0.466729644916875
37.6753269916766,71.1448424494649,48.5150550764565,-0.552945836747361,-0.432250831391469,0.410630868292542
39.7557074910821,71.1448424494649,51.7077775145681,-0.611871035668092,-0.351283007104632,0.348249871612674
41.6535225921522,71.1448424494649,54.9770585866420,-0.611518441573170,-0.366359540940111,0.380153392615096
43.6343787158145,71.1448424494649,57.9358819450385,-0.595583996896952,-0.397274186712761,0.430419406223278
45.7019173602854,71.1448424494649,60.5789415458195,-0.570295419008331,-0.429479163408391,0.484402032572209
47.8561385255648,71.1448424494650,62.9062373889851,-0.534077756699147,-0.462337949837020,0.541007493174724
50.0970422116528,71.1448424494649,64.9177694745352,-0.485605281817663,-0.494826128158189,0.598409239751498
52.4246284185493,71.1448424494649,66.6135378024700,-0.424200960228168,-0.525516179448609,0.653981774032323
54.8388971462545,71.1448424494649,67.9935423727893,-0.350314368099417,-0.552698703938704,0.704459622588720
57.3398483947682,71.1448424494649,69.0577831854931,-0.265896050107373,-0.574680767280867,0.746412158735978
59.9274821640904,71.1448424494649,69.8062602405816,-0.174412759567703,-0.590205417285744,0.776971492009301
62.6017984542212,71.1448424494649,70.2389735380546,-0.0803502245825218,-0.598818641673060,0.794539414686884
65.3627972651606,71.1448424494649,70.3614892984542,-0.0128078951447208,-0.600956353116447,0.799121172065239
68.2104785969085,71.1448424494649,70.5798008323425,-0.107298819447874,-0.595592367740577,0.791988417318115
71.1448424494649,71.1448424494649,71.1448424494649,-0.192363955521556,-0.583364604244720,0.775728559766276
74.1658888228300,71.1448424494649,72.0566141498216,-0.266782055471962,-0.566560301388288,0.753383053100556
77.2736177170036,71.1448424494649,73.3151159334126,-0.330637379792321,-0.547189417319930,0.727624637368079
80.4680291319857,71.1448424494649,74.9203478002378,-0.384800927353340,-0.526783958521706,0.700490496815602
83.7491230677765,71.1448424494649,76.8723097502973,-0.430492336203802,-0.506393161068685,0.673375852173771
87.1168995243757,71.1448424494649,79.1710017835910,-0.468993686013974,-0.486671039303277,0.647150378428373
90.5713585017836,71.1448424494649,81.8164239001189,-0.501496967405859,-0.467984343032875,0.622301760807156
94.1125000000000,71.1448424494649,84.8085760998811,-0.529041028923542,-0.450506913919631,0.599061165104599
8.55000000000000,74.1658888228300,37.8404090740190,-0.0660584183158608,-0.727685839135599,0.679042194454050
13.4042211652794,74.1658888228300,38.4812888018076,-0.114360364849231,-0.718376388208894,0.675320648740457
17.9117122473246,74.1658888228300,39.4257431374959,-0.168929740818991,-0.702710549690570,0.667884490255216
22.0724732461356,74.1658888228300,40.6737720810841,-0.229953836117062,-0.679131142216164,0.655026685171705
25.8865041617122,74.1658888228300,42.2253756325721,-0.297019145806106,-0.646070860671016,0.634820519669222
29.3538049940547,74.1658888228300,44.0805537919600,-0.368857380382509,-0.602307940212215,0.605387859985636
32.4743757431629,74.1658888228300,46.2393065592477,-0.443220775394718,-0.547467779014566,0.565349554064327
35.2482164090369,74.1658888228300,48.7016339344352,-0.517054447589325,-0.482515919138175,0.514356733505392
37.6753269916766,74.1658888228300,51.4675359175225,-0.587043689113943,-0.409965547997925,0.453457159610535
39.7557074910821,74.1658888228300,54.5370125085097,-0.650381599454304,-0.333571690235643,0.385031405086012
41.6535225921522,74.1658888228300,57.6800924080652,-0.646893147468855,-0.346221625949180,0.418291174505028
43.6343787158145,74.1658888228300,60.5246989191266,-0.626399982094152,-0.373269716868480,0.470866072919339
45.7019173602854,74.1658888228300,63.0657308222881,-0.596227458169934,-0.401123292644829,0.526762542688592
47.8561385255648,74.1658888228300,65.3031881175498,-0.554958444471950,-0.429179737274448,0.584730964374852
50.0970422116528,74.1658888228300,67.2370708049117,-0.501506158693651,-0.456529857118786,0.642817954242970
52.4246284185494,74.1658888228300,68.8673788843738,-0.435498686144856,-0.481975526840665,0.698357313644517
54.8388971462545,74.1658888228300,70.1941123559360,-0.357695884045282,-0.504159705483306,0.748184896948716
57.3398483947681,74.1658888228300,71.2172712195984,-0.270261137590752,-0.521821622536089,0.789127646133744
59.9274821640904,74.1658888228300,71.9368554753609,-0.176679069280588,-0.534113719969190,0.818669804528872
62.6017984542212,74.1658888228300,72.3528651232237,-0.0812345428150716,-0.540844790401213,0.835537469603595
65.3627972651605,74.1658888228300,72.4707639714626,-0.0134616469699026,-0.542488103666187,0.839910616300690
68.2104785969085,74.1658888228300,72.6890755053508,-0.112775659963922,-0.537645991190699,0.832413785225503
71.1448424494649,74.1658888228300,73.2541171224733,-0.202182765372857,-0.526607891341107,0.815323977753587
74.1658888228300,74.1658888228300,74.1658888228300,-0.280399379296045,-0.511438512828436,0.791837892124481
77.2736177170036,74.1658888228300,75.4243906064209,-0.347514063124763,-0.493952260939948,0.764764692728598
80.4680291319857,74.1658888228300,77.0296224732461,-0.404442274018533,-0.475532090173000,0.736245547559009
83.7491230677765,74.1658888228300,78.9815844233056,-0.452465903861875,-0.457125154319562,0.707746893427449
87.1168995243757,74.1658888228300,81.2802764565993,-0.492932473360836,-0.439321837354351,0.680182796033622
90.5713585017836,74.1658888228300,83.9256985731272,-0.527094815768934,-0.422453207260091,0.654065833462704
94.1125000000000,74.1658888228300,86.9178507728894,-0.556044805449414,-0.406676192294802,0.629638970876542
8.55000000000000,77.2736177170036,40.9085850549941,-0.0692778227695153,-0.668167779737383,0.738118931057818
13.4042211652794,77.2736177170036,41.5269046518021,-0.119936158624138,-0.659632732593594,0.734088050794767
17.9117122473246,77.2736177170036,42.4381124786772,-0.177200778422074,-0.645374095517666,0.726146738555000
22.0724732461356,77.2736177170036,43.6422085356192,-0.241331056473210,-0.624024652772515,0.712516738779429
25.8865041617123,77.2736177170036,45.1391928226281,-0.311989780208574,-0.594171235571361,0.691146961083218
29.3538049940547,77.2736177170036,46.9290653397041,-0.387954853690560,-0.554647227969416,0.659963539312673
32.4743757431629,77.2736177170036,49.0118260868470,-0.466932131432228,-0.504972539242273,0.617325516428526
35.2482164090369,77.2736177170036,51.3874750640569,-0.545655103146482,-0.445829842391594,0.562613172110001
37.6753269916766,77.2736177170036,54.0560122713338,-0.620400860669020,-0.379336712365895,0.496708685879238
39.7557074910821,77.2736177170036,57.0174377086777,-0.687821436119632,-0.308867485580783,0.422053142441243
41.6535225921522,77.2736177170036,60.0498754843814,-0.680790714431877,-0.319014784607996,0.456271452983383
43.6343787158145,77.2736177170036,62.7943466772312,-0.655451829908519,-0.341969479349149,0.510681313066856
45.7019173602854,77.2736177170036,65.2459296400140,-0.620259345562700,-0.365354761391190,0.567988774141595
47.8561385255648,77.2736177170036,67.4046243727299,-0.573960692755852,-0.388630107467999,0.626817773659023
50.0970422116528,77.2736177170036,69.2704308753787,-0.515699240048107,-0.411021890667076,0.685128040182127
52.4246284185493,77.2736177170036,70.8433491479607,-0.445376517178566,-0.431559815335780,0.740255554074840
54.8388971462545,77.2736177170036,72.1233791904756,-0.364008050058061,-0.449201009624347,0.789168070886766
57.3398483947682,77.2736177170036,73.1105210029235,-0.273906597112493,-0.463037867199763,0.828952553717954
59.9274821640904,77.2736177170036,73.8047745853045,-0.178527370013522,-0.472529563007480,0.857416822134583
62.6017984542212,77.2736177170036,74.2061399376185,-0.0819423312184420,-0.477656587522362,0.873568626607583
65.3627972651606,77.2736177170036,74.3199910820452,-0.0140678213611058,-0.478884620406422,0.877731568494684
68.2104785969085,77.2736177170036,74.5383026159334,-0.117853918008721,-0.474610216637716,0.869897157105355
71.1448424494649,77.2736177170036,75.1033442330559,-0.211287001651350,-0.464866267930348,0.852037800137510
74.1658888228300,77.2736177170036,76.0151159334126,-0.293025688945862,-0.451475408256655,0.827494142304215
77.2736177170036,77.2736177170036,77.2736177170036,-0.363162529179485,-0.436039314743529,0.799201843923014
80.4680291319857,77.2736177170036,78.8788495838288,-0.422654202304732,-0.419778798750760,0.769398489213578
83.7491230677765,77.2736177170036,80.8308115338882,-0.472840323457549,-0.403529965957104,0.739616548248176
87.1168995243757,77.2736177170036,83.1295035671819,-0.515129091843836,-0.387813981349806,0.710811246862436
90.5713585017836,77.2736177170036,85.7749256837099,-0.550829755466091,-0.372923097172119,0.683518244396704
94.1125000000000,77.2736177170036,88.7670778834721,-0.581083355500425,-0.358995842783057,0.657991446669599
8.55000000000000,80.4680291319857,43.5452987886445,-0.0725114839778209,-0.596379094226602,0.797580288231070
13.4042211652794,80.4680291319857,44.1442307728912,-0.125516455626682,-0.588676974648570,0.793111399459968
17.9117122473246,80.4680291319857,45.0268673812548,-0.185432896067857,-0.575913162010574,0.784478511752602
22.0724732461356,80.4680291319857,46.1932086137352,-0.252571356659455,-0.556925302121793,0.769841749067690
25.8865041617123,80.4680291319857,47.6432544703325,-0.326648942332002,-0.530489546550764,0.747045056353908
29.3538049940547,80.4680291319857,49.3770049510467,-0.406473682404038,-0.495555622558689,0.713849550458047
32.4743757431629,80.4680291319857,51.3944600558777,-0.489704395906470,-0.451619122439801,0.668390049193676
35.2482164090369,80.4680291319857,53.6956197848256,-0.572883300677003,-0.399154836558680,0.609808316106651
37.6753269916766,80.4680291319857,56.2804841378904,-0.651914525005103,-0.339912754364824,0.538834662453545
39.7557074910821,80.4680291319857,59.1490531150720,-0.722943088750044,-0.276837497805964,0.457963691087107
41.6535225921522,80.4680291319857,62.0864078155906,-0.712118042473437,-0.284559766217764,0.492716570797319
43.6343787158145,80.4680291319857,64.7448252193523,-0.681855935780104,-0.303363629263659,0.548450348479636
45.7019173602854,80.4680291319857,67.1195379989972,-0.641718974029769,-0.322337367214838,0.606662040248648
47.8561385255648,80.4680291319857,69.2105461545252,-0.590610347997971,-0.341019852650306,0.665879597739094
50.0970422116528,80.4680291319857,71.0178496859363,-0.527879420032357,-0.358779409722625,0.724011537266658
52.4246284185493,80.4680291319857,72.5414485932306,-0.453658019967383,-0.374857837652778,0.778428015679961
54.8388971462545,80.4680291319857,73.7813428764080,-0.369159519997095,-0.388479518744156,0.826243574848038
57.3398483947681,80.4680291319857,74.7375325354686,-0.276789261883757,-0.399013484751739,0.864792518914089
59.9274821640904,80.4680291319857,75.4100175704123,-0.179938581117629,-0.406137216389838,0.892168713664652
62.6017984542212,80.4680291319857,75.7987979812391,-0.0824666741881692,-0.409930521901451,0.907617160188865
65.3627972651606,80.4680291319857,75.9091706302021,-0.0146102611567617,-0.410819299400517,0.911575937173645
68.2104785969084,80.4680291319857,76.1274821640904,-0.122398236106096,-0.407152429580967,0.903439439455238
71.1448424494649,80.4680291319857,76.6925237812128,-0.219433997199459,-0.398793417804899,0.884891445228253
74.1658888228300,80.4680291319857,77.6042954815696,-0.304324438820038,-0.387305841559815,0.859401410809842
77.2736177170036,80.4680291319857,78.8627972651605,-0.377165678854292,-0.374063726753201,0.830018192366564
80.4680291319857,80.4680291319857,80.4680291319857,-0.438951285786697,-0.360114367130061,0.799065652916757
83.7491230677765,80.4680291319857,82.4199910820452,-0.491072528846745,-0.346175030137571,0.768135352901518
87.1168995243757,80.4680291319857,84.7186831153389,-0.534991905860564,-0.332692806005419,0.738219350619285
90.5713585017836,80.4680291319857,87.3641052318668,-0.572069148000768,-0.319918408280682,0.709873959848333
94.1125000000000,80.4680291319857,90.3562574316290,-0.603489293742446,-0.307970676725153,0.683362876737770
8.55000000000000,83.7491230677765,45.7505502749703,-0.0756043521929048,-0.511522606496385,0.854740563906264
13.4042211652794,83.7491230677765,46.3332671650748,-0.130835565916976,-0.504782879876847,0.849726655229226
17.9117122473246,83.7491230677765,47.1920078452288,-0.193239108677989,-0.493705159771759,0.840251305897242
22.0724732461356,83.7491230677765,48.3267723154323,-0.263156564706735,-0.477341812739457,0.824425602868948
25.8865041617123,83.7491230677765,49.7375605756853,-0.340338219477703,-0.454682997168006,0.800011374633698
29.3538049940547,83.7491230677765,51.4243726259878,-0.423606770905594,-0.424839889096032,0.764640067033587
32.4743757431629,83.7491230677765,53.3872084663398,-0.510574576308458,-0.387346755998576,0.716267190647340
35.2482164090369,83.7491230677765,55.6260680967413,-0.597618170655174,-0.342532231902350,0.653839077449947
37.6753269916766,83.7491230677765,58.1409515171923,-0.680318176856777,-0.291804036680552,0.577958748927347
39.7557074910821,83.7491230677765,60.9318587276928,-0.754371353775855,-0.237633908290374,0.491170216975076
41.6535225921522,83.7491230677765,63.7896894016929,-0.739735557604039,-0.243164638069602,0.526067622764954
43.6343787158145,83.7491230677765,66.3761345454901,-0.704746474209533,-0.257932587661408,0.582636251259994
45.7019173602854,83.7491230677765,68.6865558992377,-0.659992610524791,-0.272713893940913,0.641299518066851
47.8561385255648,83.7491230677765,70.7209534629359,-0.604510952485949,-0.287134383974265,0.700517082069434
50.0970422116528,83.7491230677765,72.4793272365845,-0.537821655334822,-0.300700037825467,0.758174093404362
52.4246284185493,83.7491230677765,73.9616772201837,-0.460238021337872,-0.312840458806419,0.811693855556296
54.8388971462545,83.7491230677765,75.1680034137334,-0.373116057654097,-0.322998430451625,0.858337056127424
57.3398483947682,83.7491230677765,76.0983058172335,-0.278907647503709,-0.330751007350200,0.895659648364494
59.9274821640904,83.7491230677765,76.7525844306842,-0.180920243219083,-0.335921713369760,0.921997535949555
62.6017984542212,83.7491230677765,77.1308392540854,-0.0828127790816631,-0.338634773047569,0.936788341172120
65.3627972651606,83.7491230677765,77.2383026159334,-0.0150747702451034,-0.339254860364068,0.940557986364104
68.2104785969085,83.7491230677765,77.4566141498217,-0.126289685578370,-0.336226756741819,0.932162802158376
71.1448424494649,83.7491230677765,78.0216557669441,-0.226410538200104,-0.329323879060537,0.913025105133029
74.1658888228300,83.7491230677765,78.9334274673008,-0.313999931004582,-0.319837430686192,0.886724657230393
77.2736177170036,83.7491230677765,80.1919292508918,-0.389157037787482,-0.308902083159437,0.856407247956083
80.4680291319857,83.7491230677765,81.7971611177170,-0.452907015899899,-0.297382692376136,0.824470623709474
83.7491230677765,83.7491230677765,83.7491230677765,-0.506685367675342,-0.285871578288128,0.792556945963470
87.1168995243757,83.7491230677765,86.0478151010702,-0.552001088639370,-0.274737948314987,0.761689813869261
90.5713585017836,83.7491230677765,88.6932372175981,-0.590257140368258,-0.264188841876548,0.732443228281569
94.1125000000000,83.7491230677765,91.6853894173603,-0.622676237675376,-0.254322396929943,0.705089269132411
8.55000000000000,87.1168995243757,47.5243395139715,-0.0783641403146081,-0.413926094419074,0.906224626862451
13.4042211652794,87.1168995243757,48.0940138283529,-0.135566924668654,-0.408338134897160,0.900612845228674
17.9117122473246,87.1168995243757,48.9335338705992,-0.200150051218510,-0.399223173724515,0.890227168240110
22.0724732461356,87.1168995243757,50.0428996407103,-0.272469435692542,-0.385851736156287,0.873144298368028
25.8865041617122,87.1168995243757,51.4221111386864,-0.352291445851139,-0.367440891778908,0.847068448391524
29.3538049940547,87.1168995243757,53.0711683645273,-0.438442071563152,-0.343290678803712,0.809538200544091
32.4743757431629,87.1168995243757,54.9900713182331,-0.528491891423884,-0.313015946188712,0.758377027589576
35.2482164090369,87.1168995243757,57.1788199998038,-0.618683415698796,-0.276842984154267,0.692383200530314
37.6753269916766,87.1168995243757,59.6374144092394,-0.704335137543539,-0.235855480554330,0.612061539718552
39.7557074910821,87.1168995243757,62.3658545465398,-0.780774095741437,-0.192015379637732,0.519999828515818
41.6535225921522,87.1168995243757,65.1597202426882,-0.762606685752090,-0.195709509623682,0.554749162414744
43.6343787158145,87.1168995243757,67.6882746556443,-0.723395136793461,-0.206698004984319,0.611746007501067
45.7019173602854,87.1168995243757,69.9469833407355,-0.674615068042309,-0.217626423797905,0.670515537145603
47.8561385255648,87.1168995243757,71.9358462979619,-0.615407618786891,-0.228208225165239,0.729471607209676
50.0970422116528,87.1168995243757,73.6548635273233,-0.545423733524663,-0.238076553203484,0.786494437573004
52.4246284185494,87.1168995243757,75.1040350288199,-0.465109973985497,-0.246821774225298,0.839066506229476
54.8388971462545,87.1168995243757,76.2833608024516,-0.375917442119125,-0.254060030374629,0.884580511866371
57.3398483947681,87.1168995243757,77.1928408482184,-0.280311955932830,-0.259519366017770,0.920778512376560
59.9274821640904,87.1168995243757,77.8324751661203,-0.181511914878905,-0.263113692265978,0.946190762837545
62.6017984542212,87.1168995243757,78.2022637561574,-0.0830001672971857,-0.264972349946522,0.960404206658900
65.3627972651605,87.1168995243757,78.3073870392390,-0.0154506315774235,-0.265386020486866,0.964009048777077
68.2104785969085,87.1168995243757,78.5256985731272,-0.129438483782787,-0.263017251564681,0.955404546281961
71.1448424494649,87.1168995243757,79.0907401902497,-0.232055663476017,-0.257617396023107,0.935789686408721
74.1658888228300,87.1168995243757,80.0025118906064,-0.321828934730469,-0.250196512561275,0.908833485799505
77.2736177170036,87.1168995243757,81.2610136741974,-0.398859944055793,-0.241642211055758,0.877760168364934
80.4680291319857,87.1168995243757,82.8662455410226,-0.464199409193161,-0.232631034988501,0.845027263847118
83.7491230677765,87.1168995243757,84.8182074910821,-0.519318624054386,-0.223626333461429,0.812317877958183
87.1168995243757,87.1168995243757,87.1168995243757,-0.565764208159255,-0.214916923229328,0.780681131388583
90.5713585017836,87.1168995243757,89.7623216409037,-0.604974103319143,-0.206664763262083,0.750705336635770
94.1125000000000,87.1168995243757,92.7544738406659,-0.638201510465042,-0.198946623106559,0.722669357438356
8.55000000000000,90.5713585017836,48.8666665056480,-0.0805926334030658,-0.305476232641836,0.948427798749067
13.4042211652794,90.5713585017836,49.4264707627255,-0.139376974742556,-0.301254731905240,0.942249396428022
17.9117122473246,90.5713585017836,50.2514454573660,-0.205692805210922,-0.294412188326116,0.931010718908928
22.0724732461356,90.5713585017836,51.3415905895694,-0.279899377228174,-0.284433827591317,0.912768415604993
25.8865041617122,90.5713585017836,52.6969061593359,-0.361768338770160,-0.270765041003260,0.885191845704235
29.3538049940547,90.5713585017836,54.3173921666654,-0.450123586652220,-0.252905461518539,0.845760383400154
32.4743757431629,90.5713585017836,56.2030486115579,-0.542503510689733,-0.230572407507503,0.792209115398086
35.2482164090369,90.5713585017836,58.3538754940133,-0.635052731574735,-0.203916084197718,0.723233071981701
37.6753269916766,90.5713585017836,60.7698728140318,-0.722895855143695,-0.173707671676214,0.639266449232183
39.7557074910821,90.5713585017836,63.4510405716133,-0.801080542402030,-0.141372015433969,0.542930737036050
41.6535225921522,90.5713585017836,66.1965003385765,-0.779967683720496,-0.143636421365894,0.577381809624178
43.6343787158145,90.5713585017836,68.6812455498151,-0.737332196243989,-0.151182159748723,0.634525673258351
45.7019173602854,90.5713585017836,70.9008203234906,-0.685350458517999,-0.158651777735107,0.693195855863339
47.8561385255648,90.5713585017836,72.8552246596031,-0.623236933347057,-0.165843423290182,0.751777195657225
50.0970422116528,90.5713585017836,74.5444585581526,-0.550734581102661,-0.172504960690793,0.808154531008096
52.4246284185494,90.5713585017836,75.9685220191391,-0.468380581177211,-0.178362415480171,0.859864571289539
54.8388971462545,90.5713585017836,77.1274150425627,-0.377684256038677,-0.183167913008539,0.904407620982766
57.3398483947681,90.5713585017836,78.0211376284232,-0.281106785492616,-0.186756671793990,0.939669919609449
59.9274821640904,90.5713585017836,78.6496897767206,-0.181786000531481,-0.189092974046318,0.964327255889662
62.6017984542212,90.5713585017836,79.0130714874551,-0.0830628241658242,-0.190285164394399,0.978075140366531
65.3627972651605,90.5713585017836,79.1164239001189,-0.0157317350690474,-0.190543717843366,0.981547898772326
68.2104785969085,90.5713585017836,79.3347354340071,-0.131793443161600,-0.188842972505247,0.972786848910007
71.1448424494649,90.5713585017836,79.8997770511296,-0.236277604626276,-0.184965946319689,0.952815123003786
74.1658888228300,90.5713585017836,80.8115487514863,-0.327684179987273,-0.179637848321514,0.925368490526190
77.2736177170036,90.5713585017836,82.0700505350773,-0.406116665075976,-0.173495970880404,0.893729835811818
80.4680291319857,90.5713585017836,83.6752824019025,-0.472644894031763,-0.167026063434463,0.860401400056017
83.7491230677765,90.5713585017836,85.6272443519620,-0.528766928983249,-0.160560804624333,0.827096910818965
87.1168995243757,90.5713585017836,87.9259363852557,-0.576057528115301,-0.154307561130938,0.794884576133126
90.5713585017836,90.5713585017836,90.5713585017836,-0.615980794659421,-0.148382617392332,0.764363412051754
94.1125000000000,90.5713585017836,93.5635107015458,-0.649812729854514,-0.142841092946653,0.735817355864671
8.55000000000000,94.1125000000000,49.7775312500000,-0.0821337761997611,-0.189714174306148,0.978268302131149
13.4042211652794,94.1125000000000,50.3306379681926,-0.142006155015732,-0.187044922099441,0.971648682225801
17.9117122473246,94.1125000000000,51.1457426055291,-0.209505759208916,-0.182737870908036,0.959751521476235
22.0724732461356,94.1125000000000,52.2228451620095,-0.284990504128833,-0.176484111696929,0.940624582373857
25.8865041617122,94.1125000000000,53.5619456376338,-0.368232903055145,-0.167950204729635,0.911919923051338
29.3538049940547,94.1125000000000,55.1630440324019,-0.458054677907048,-0.156833801852443,0.871084234316633
32.4743757431629,94.1125000000000,57.0261403463139,-0.551974627421887,-0.142961733831744,0.815799923885204
35.2482164090369,94.1125000000000,59.1512345793698,-0.646076256601649,-0.126421630033093,0.744696877856699
37.6753269916766,94.1125000000000,61.5383267315696,-0.735358974514246,-0.107680874007062,0.658162050656047
39.7557074910821,94.1125000000000,64.1874168029132,-0.814684784093174,-0.0876138533807397,0.558836950620602
41.6535225921522,94.1125000000000,66.9000296893579,-0.791467298457788,-0.0888212443632358,0.592989122692098
43.6343787158145,94.1125000000000,69.3550472280024,-0.746431640950362,-0.0932659886290574,0.650134636875077
45.7019173602854,94.1125000000000,71.5480668475030,-0.692237840512032,-0.0976525259227214,0.708640303818087
47.8561385255648,94.1125000000000,73.4790885478597,-0.628146293401795,-0.101859557121455,0.766874029386124
50.0970422116528,94.1125000000000,75.1481123290725,-0.553958040256440,-0.105738226517377,0.822727849524897
52.4246284185494,94.1125000000000,76.5551381911415,-0.470265935340619,-0.109129934680646,0.873779714873675
54.8388971462545,94.1125000000000,77.7001661340666,-0.378611492342624,-0.111894880920409,0.917606301663453
57.3398483947681,94.1125000000000,78.5831961578478,-0.281445040975476,-0.113944746878618,0.952192726478573
59.9274821640904,94.1125000000000,79.2042282624851,-0.181843347322478,-0.115267874534471,0.976312135097468
62.6017984542212,94.1125000000000,79.5632624479786,-0.0830470799006654,-0.115936053653409,0.989730962968001
65.3627972651605,94.1125000000000,79.6654131985731,-0.0159170595801554,-0.116077888580138,0.993110824518955
68.2104785969085,94.1125000000000,79.8837247324614,-0.133346009061926,-0.115041806519308,0.984246566887410
71.1448424494649,94.1125000000000,80.4487663495838,-0.239061024978255,-0.112679949520383,0.964039568118831
74.1658888228300,94.1125000000000,81.3605380499405,-0.331544396942836,-0.109434109810860,0.936269606159576
77.2736177170036,94.1125000000000,82.6190398335315,-0.410900839998683,-0.105692521406102,0.904258238696653
80.4680291319857,94.1125000000000,84.2242717003567,-0.478212791249054,-0.101751099436730,0.870537184069804
83.7491230677765,94.1125000000000,86.1762336504162,-0.534995960439334,-0.0978125093834969,0.836840358058806
87.1168995243757,94.1125000000000,88.4749256837099,-0.582843656873475,-0.0940030775654007,0.804248552503983
90.5713585017836,94.1125000000000,91.1203478002378,-0.623237231353855,-0.0903936436416921,0.773367840045587
94.1125000000000,94.1125000000000,94.1125000000000,-0.657467716792920,-0.0870177860461218,0.744485502839042