-7.95311,4.09747,0.247468,-0.496842,0.867841,-0.000149095
-7.95264,4.0961,0.280741,-0.495586,0.864339,0.0855175
-7.95251,4.09616,0.214166,-0.495278,0.864479,-0.0858797
-7.95143,4.0919,0.313875,-0.492367,0.853976,0.168224
-7.95106,4.09207,0.180988,-0.491483,0.854394,-0.168689
-7.95032,4.08444,0.148325,-0.489339,0.836028,-0.248202
-7.94987,4.08475,0.346659,-0.48824,0.836721,0.248032
-7.94929,4.07392,0.116347,-0.486506,0.811083,-0.324739
-7.94813,4.0746,0.378799,-0.483772,0.812628,0.324961
-7.94796,4.06062,0.0852869,-0.483004,0.779681,-0.398504
-7.94635,4.06144,0.410091,-0.4793,0.781569,0.399276
-7.94633,4.04459,0.0553886,-0.478883,0.741704,-0.469624
-7.94455,4.04549,0.440026,-0.474832,0.743774,0.470463
-7.94442,4.02589,0.0268494,-0.47414,0.696798,-0.538205
-7.94257,4.0268,0.468606,-0.469992,0.698888,0.539131
-7.94223,4.0046,4.50717e-05,-0.468805,0.644694,-0.603814
-7.94032,4.0055,0.49551,-0.46457,0.646712,0.604929
-7.93978,3.98084,-0.0247687,-0.462831,0.585605,-0.665473
-7.93773,3.98169,0.520488,-0.458351,0.587469,0.66693
-7.93709,3.95468,-0.0474662,-0.456332,0.522659,-0.720131
-7.93481,3.95551,0.543346,-0.451446,0.524439,0.721915
-7.93422,3.92634,-0.0678542,-0.449617,0.456775,-0.767595
-7.93163,3.92717,0.56392,-0.444166,0.4585,0.769736
-7.93121,3.89608,-0.0857777,-0.442813,0.388141,-0.808247
-7.92828,3.89688,0.582038,-0.436782,0.389768,0.810742
-7.92806,3.86416,-0.101087,-0.435994,0.316726,-0.842374
-7.92486,3.86487,0.597512,-0.429528,0.318176,0.845145
-7.92478,3.83082,-0.11363,-0.42919,0.242348,-0.870094
-7.92144,3.83141,0.610147,-0.422588,0.243551,0.872985
-7.92137,3.79633,-0.123251,-0.4224,0.164752,-0.891311
-7.91809,3.79681,0.619764,-0.416035,0.165728,0.894119
-7.91407,3.76993,0.625625,-0.40843,0.104313,0.90681
-7.91407,3.79711,0.621546,-0.408419,0.166305,0.897517
-7.91407,3.83234,0.613381,-0.408459,0.245318,0.879193
-7.91407,3.86669,0.602145,-0.408612,0.321639,0.854157
-7.91407,3.89986,0.587957,-0.408896,0.395496,0.822427
-7.91407,3.93157,0.570935,-0.4093,0.467042,0.783802
-7.91407,3.96152,0.551196,-0.40979,0.536272,0.737893
-7.91407,3.98942,0.528858,-0.410296,0.602951,0.684184
-7.91407,4.01498,0.504044,-0.410717,0.666025,0.622674
-7.91407,4.03799,0.476954,-0.411004,0.721964,0.556636
-7.91407,4.05833,0.44787,-0.411233,0.770483,0.487076
-7.91407,4.07586,0.417076,-0.411463,0.811854,0.414237
-7.91407,4.09048,0.384858,-0.411727,0.846242,0.338164
-7.91407,4.10207,0.351501,-0.412027,0.873652,0.258779
-7.91407,4.11049,0.31729,-0.412335,0.89388,0.175951
-7.91407,4.11562,0.282509,-0.412591,0.906499,0.0895984
-7.91407,4.11736,0.247444,-0.412702,0.910866,-0.000210868
-7.91407,4.11561,0.21238,-0.41259,0.906459,-0.0900047
-7.91407,4.11045,0.177601,-0.412333,0.893804,-0.176341
-7.91407,4.10202,0.143393,-0.412025,0.873542,-0.259153
-7.91407,4.09042,0.110041,-0.411726,0.8461,-0.338523
-7.91407,4.07579,0.0778288,-0.411462,0.811679,-0.41458
-7.91407,4.05824,0.0470425,-0.411232,0.770276,-0.487404
-7.91407,4.03789,0.0179668,-0.411003,0.721723,-0.556949
-7.91407,4.01487,-0.0091134,-0.410715,0.665749,-0.62297
-7.91407,3.9893,-0.0339167,-0.410294,0.60265,-0.68445
-7.91407,3.96139,-0.0562424,-0.409787,0.535958,-0.738122
-7.91407,3.93143,-0.0759691,-0.409298,0.466717,-0.783996
-7.91407,3.89971,-0.0929789,-0.408894,0.395161,-0.822589
-7.91407,3.86653,-0.107154,-0.408611,0.321293,-0.854288
-7.91407,3.83218,-0.118375,-0.408459,0.24496,-0.879293
-7.91407,3.79695,-0.126526,-0.408419,0.165934,-0.897586
-7.91406,3.76993,-0.130577,-0.408421,0.104309,-0.906814
-7.8654,3.76994,0.64492,-0.328319,0.103054,0.938928
-7.86546,3.80065,0.640392,-0.328333,0.172248,0.928724
-7.86546,3.83762,0.631816,-0.328293,0.254085,0.909761
-7.86546,3.87366,0.620014,-0.328325,0.333138,0.883867
-7.86546,3.90848,0.605111,-0.328446,0.40965,0.851064
-7.86546,3.94176,0.587231,-0.328653,0.483782,0.811136
-7.86546,3.97319,0.566497,-0.328916,0.55553,0.763676
-7.86546,4.00247,0.543034,-0.329181,0.624645,0.708137
-7.86546,4.02929,0.51697,-0.329367,0.690022,0.644506
-7.86546,4.05343,0.488515,-0.329442,0.747996,0.576167
-7.86546,4.07477,0.457965,-0.329478,0.79828,0.504176
-7.86546,4.09318,0.42562,-0.32953,0.84116,0.428788
-7.86546,4.10852,0.391778,-0.329629,0.876816,0.350054
-7.86546,4.12067,0.356741,-0.329783,0.905251,0.267888
-7.86546,4.12951,0.320805,-0.329969,0.926251,0.182152
-7.86546,4.1349,0.284272,-0.33014,0.939363,0.0927598
-7.86546,4.13672,0.24744,-0.330219,0.943904,-0.000218312
-7.86546,4.13488,0.210609,-0.330139,0.939322,-0.0931805
-7.86546,4.12948,0.174078,-0.329968,0.926172,-0.182556
-7.86546,4.12062,0.138146,-0.329782,0.905137,-0.268275
-7.86546,4.10846,0.103113,-0.329629,0.876668,-0.350425
-7.86546,4.0931,0.0692778,-0.32953,0.840979,-0.429144
-7.86546,4.07468,0.0369402,-0.329478,0.798065,-0.504516
-7.86546,4.05333,0.00639941,-0.329442,0.747747,-0.576491
-7.86546,4.02917,-0.0220453,-0.329367,0.689736,-0.644812
-7.86546,4.00234,-0.0480984,-0.32918,0.624333,-0.708413
-7.86546,3.97305,-0.0715491,-0.328914,0.555205,-0.763913
-7.86546,3.94161,-0.0922699,-0.328651,0.483446,-0.811337
-7.86546,3.90832,-0.110137,-0.328446,0.409303,-0.851231
-7.86546,3.8735,-0.125026,-0.328325,0.332779,-0.884003
-7.86546,3.83745,-0.136813,-0.328293,0.253714,-0.909864
-7.86546,3.80048,-0.145374,-0.328333,0.171864,-0.928795
-7.86537,3.76992,-0.149879,-0.328267,0.10302,-0.93895
-7.83835,3.76994,0.653776,-0.291851,0.102247,0.950983
-7.83843,3.80227,0.649048,-0.291861,0.174505,0.940407
-7.83843,3.84003,0.640282,-0.291782,0.25741,0.921197
-7.83843,3.87685,0.628221,-0.291754,0.337497,0.894972
-7.83843,3.91242,0.612989,-0.291795,0.41501,0.861756
-7.83843,3.94641,0.594715,-0.291902,0.490113,0.82133
-7.83843,3.97852,0.573525,-0.292051,0.562803,0.773278
-7.83843,4.00842,0.549545,-0.292196,0.632826,0.717044
-7.83843,4.03582,0.522906,-0.292265,0.699057,0.65261
-7.83843,4.06049,0.493824,-0.292236,0.757783,0.583407
-7.83843,4.08229,0.462601,-0.292176,0.808714,0.510504
-7.83843,4.10109,0.429543,-0.29214,0.852147,0.434166
-7.83843,4.11676,0.394956,-0.292158,0.888265,0.354443
-7.83843,4.12917,0.359147,-0.292237,0.917073,0.271247
-7.83843,4.1382,0.32242,-0.292362,0.938353,0.184438
-7.83843,4.14371,0.285082,-0.29249,0.951645,0.0939245
-7.83843,4.14557,0.247438,-0.292551,0.95625,-0.000221054
-7.83843,4.14369,0.209796,-0.292489,0.951603,-0.0943504
-7.83843,4.13817,0.17246,-0.292361,0.938273,-0.184847
-7.83843,4.12912,0.135736,-0.292237,0.916957,-0.271639
-7.83843,4.11669,0.0999314,-0.292158,0.888115,-0.354819
-7.83843,4.10101,0.0653509,-0.29214,0.851963,-0.434526
-7.83843,4.08219,0.0323009,-0.292176,0.808497,-0.510848
-7.83843,4.06038,0.00108725,-0.292236,0.75753,-0.583735
-7.83843,4.0357,-0.0279841,-0.292265,0.698768,-0.65292
-7.83843,4.00829,-0.0546112,-0.292196,0.63251,-0.717323
-7.83843,3.97837,-0.0785785,-0.292051,0.562474,-0.773518
-7.83843,3.94626,-0.0997558,-0.291901,0.489772,-0.821533
-7.83843,3.91225,-0.118016,-0.291794,0.414658,-0.861925
-7.83843,3.87668,-0.133233,-0.291754,0.337133,-0.895109
-7.83843,3.83986,-0.14528,-0.291782,0.257035,-0.921301
-7.83843,3.8021,-0.15403,-0.291861,0.174115,-0.940479
-7.8383,3.76991,-0.158736,-0.291781,0.102192,-0.95101
-7.80945,3.76994,0.662087,-0.258218,0.10137,0.960754
-7.80951,3.80378,0.657167,-0.258174,0.176356,0.949866
-7.80951,3.84229,0.648225,-0.258058,0.260137,0.930449
-7.80951,3.87983,0.635919,-0.257973,0.341067,0.903949
-7.80951,3.91609,0.62038,-0.257937,0.419395,0.870389
-7.80951,3.95075,0.601736,-0.257948,0.495288,0.82955
-7.80951,3.98349,0.580117,-0.257988,0.56874,0.78101
-7.80951,4.01399,0.555652,-0.258017,0.639494,0.724206
-7.80951,4.04193,0.528475,-0.257974,0.70641,0.659116
-7.80951,4.06708,0.498804,-0.257845,0.765735,0.589208
-7.80951,4.0893,0.46695,-0.257694,0.81718,0.515568
-7.80951,4.10847,0.433224,-0.257574,0.861049,0.438463
-7.80951,4.12445,0.397938,-0.257514,0.897531,0.357946
-7.80951,4.13711,0.361404,-0.257522,0.926632,0.273925
-7.80951,4.14632,0.323934,-0.257587,0.948133,0.186259
-7.80951,4.15193,0.285841,-0.257673,0.961565,0.0948519
-7.80951,4.15383,0.247436,-0.257718,0.96622,-0.000223237
-7.80951,4.15192,0.209033,-0.257672,0.961523,-0.0952821
-7.80951,4.14628,0.170942,-0.257587,0.948052,-0.186672
-7.80951,4.13706,0.133476,-0.257522,0.926515,-0.274321
-7.80951,4.12439,0.0969467,-0.257514,0.897379,-0.358325
-7.80951,4.10839,0.061667,-0.257574,0.860864,-0.438827
-7.80951,4.08921,0.0279487,-0.257695,0.816961,-0.515915
-7.80951,4.06697,-0.0038962,-0.257845,0.76548,-0.589539
-7.80951,4.0418,-0.0335555,-0.257974,0.706118,-0.659429
-7.80951,4.01385,-0.060721,-0.258017,0.639175,-0.724488
-7.80951,3.98335,-0.085173,-0.257988,0.568407,-0.781252
-7.80951,3.9506,-0.106779,-0.257948,0.494943,-0.829755
-7.80951,3.91593,-0.125408,-0.257937,0.41904,-0.87056
-7.80951,3.87966,-0.140933,-0.257974,0.3407,-0.904087
-7.80951,3.84211,-0.153223,-0.258059,0.259758,-0.930555
-7.80951,3.8036,-0.16215,-0.258174,0.175963,-0.949938
-7.80939,3.7699,-0.167049,-0.258152,0.101293,-0.960779
-7.77871,3.76993,0.669852,-0.228968,0.10042,0.96824
-7.77872,3.80519,0.664752,-0.228863,0.177798,0.957084
-7.77872,3.84438,0.655644,-0.228715,0.26226,0.937502
-7.77872,3.8826,0.643111,-0.228579,0.343843,0.910782
-7.77872,3.91951,0.627284,-0.228473,0.4228,0.876949
-7.77872,3.95479,0.608295,-0.228399,0.499298,0.835784
-7.77872,3.98812,0.586275,-0.228342,0.573331,0.786862
-7.77872,4.01916,0.561358,-0.228267,0.64464,0.729612
-7.77872,4.0476,0.533677,-0.228124,0.71207,0.664015
-7.77872,4.0732,0.503457,-0.227906,0.771842,0.593565
-7.77872,4.09583,0.471013,-0.227675,0.823667,0.519361
-7.77872,4.11534,0.436662,-0.22748,0.867857,0.441675
-7.77872,4.13161,0.400723,-0.22735,0.904604,0.360559
-7.77872,4.14449,0.363512,-0.227296,0.933919,0.27592
-7.77872,4.15386,0.325349,-0.227307,0.95558,0.187613
-7.77872,4.15958,0.286551,-0.227354,0.969114,0.0955415
-7.77872,4.16151,0.247435,-0.227385,0.973805,-0.00022486
-7.77872,4.15956,0.20832,-0.227354,0.969071,-0.0959748
-7.77872,4.15383,0.169524,-0.227307,0.955498,-0.188029
-7.77872,4.14444,0.131364,-0.227296,0.933801,-0.276319
-7.77872,4.13154,0.0941586,-0.22735,0.904452,-0.360941
-7.77872,4.11526,0.0582256,-0.227481,0.86767,-0.442042
-7.77872,4.09573,0.0238829,-0.227676,0.823446,-0.519712
-7.77872,4.07309,-0.0085516,-0.227907,0.771585,-0.593899
-7.77872,4.04748,-0.0387601,-0.228125,0.711776,-0.66433
-7.77872,4.01903,-0.0664286,-0.228268,0.644318,-0.729896
-7.77872,3.98797,-0.0913333,-0.228342,0.572996,-0.787106
-7.77872,3.95464,-0.113339,-0.2284,0.49895,-0.835992
-7.77872,3.91934,-0.132314,-0.228474,0.422442,-0.877122
-7.77872,3.88242,-0.148126,-0.22858,0.343473,-0.910921
-7.77872,3.8442,-0.160644,-0.228715,0.261877,-0.937608
-7.77872,3.805,-0.169736,-0.228864,0.177402,-0.957157
-7.77866,3.76989,-0.174815,-0.228928,0.100327,-0.968259
-7.7462,3.76993,0.677082,-0.203548,0.099447,0.974001
-7.74619,3.80649,0.67182,-0.203417,0.178932,0.962603
-7.74619,3.84632,0.662558,-0.20324,0.263926,0.942887
-7.74619,3.88516,0.649812,-0.20306,0.346019,0.91599
-7.74619,3.92268,0.633717,-0.202893,0.425463,0.881939
-7.74619,3.95854,0.614406,-0.202744,0.502426,0.840513
-7.74619,3.99241,0.592014,-0.2026,0.576904,0.791287
-7.74619,4.02396,0.566674,-0.202434,0.648632,0.733687
-7.74619,4.05286,0.538524,-0.202202,0.716449,0.667694
-7.74619,4.07888,0.507793,-0.201906,0.776552,0.596826
-7.74619,4.10187,0.474799,-0.201605,0.828656,0.522191
-7.74619,4.12171,0.439867,-0.201344,0.873079,0.444065
-7.74619,4.13824,0.403318,-0.201153,0.910018,0.362498
-7.74619,4.15134,0.365477,-0.201043,0.939485,0.277397
-7.74619,4.16086,0.326667,-0.201007,0.96126,0.188615
-7.74619,4.16667,0.287212,-0.201021,0.974867,0.0960506
-7.74619,4.16863,0.247433,-0.201038,0.979583,-0.000226058
-7.74619,4.16665,0.207656,-0.20102,0.974824,-0.0964862
-7.74619,4.16082,0.168202,-0.201007,0.961178,-0.189033
-7.74619,4.15128,0.129396,-0.201043,0.939367,-0.277798
-7.74619,4.13817,0.0915604,-0.201154,0.909865,-0.362882
-7.74619,4.12162,0.0550187,-0.201345,0.872891,-0.444433
-7.74619,4.10178,0.0200942,-0.201606,0.828434,-0.522544
-7.74619,4.07877,-0.0128898,-0.201908,0.776293,-0.597162
-7.74619,4.05273,-0.04361,-0.202203,0.716153,-0.668011
-7.74619,4.02382,-0.0717472,-0.202435,0.648308,-0.733973
-7.74619,3.99226,-0.0970739,-0.202601,0.576567,-0.791532
-7.74619,3.95838,-0.119452,-0.202745,0.502077,-0.840722
-7.74619,3.92251,-0.138748,-0.202894,0.425102,-0.882112
-7.74619,3.88499,-0.154828,-0.203061,0.345646,-0.91613
-7.74619,3.84614,-0.167558,-0.203241,0.263541,-0.942995
-7.74619,3.8063,-0.176805,-0.203418,0.178533,-0.962677
-7.74618,3.76988,-0.182043,-0.203538,0.0993483,-0.974013
-7.71207,3.76992,0.683796,-0.181329,0.0985002,0.978477
-7.71205,3.80769,0.67839,-0.181175,0.179838,0.966868
-7.71205,3.84812,0.668984,-0.180974,0.265256,0.947042
-7.71205,3.88753,0.656041,-0.180754,0.347752,0.919998
-7.71205,3.92561,0.639697,-0.180534,0.427579,0.885767
-7.71205,3.962,0.620087,-0.180318,0.504906,0.84413
-7.71205,3.99637,0.597348,-0.180098,0.579728,0.794658
-7.71205,4.02839,0.571616,-0.179851,0.651776,0.736778
-7.71205,4.05772,0.54303,-0.179541,0.719884,0.670472
-7.71205,4.08413,0.511823,-0.179176,0.780233,0.599277
-7.71205,4.10746,0.478318,-0.178813,0.832542,0.524309
-7.71205,4.12759,0.442845,-0.178495,0.877133,0.445845
-7.71205,4.14437,0.40573,-0.17825,0.914208,0.363937
-7.71205,4.15766,0.367304,-0.178091,0.943783,0.27849
-7.71205,4.16732,0.327893,-0.178013,0.965638,0.189354
-7.71205,4.17322,0.287826,-0.177997,0.979295,0.0964261
-7.71205,4.17521,0.247432,-0.178002,0.98403,-0.000226941
-7.71205,4.1732,0.207038,-0.177997,0.979252,-0.0968633
-7.71205,4.16729,0.166974,-0.178014,0.965555,-0.189774
-7.71205,4.1576,0.127567,-0.178092,0.943664,-0.278893
-7.71205,4.1443,0.0891455,-0.178251,0.914054,-0.364323
-7.71205,4.1275,0.052038,-0.178497,0.876944,-0.446215
-7.71205,4.10736,0.0165728,-0.178815,0.832318,-0.524663
-7.71205,4.08401,-0.0169219,-0.179178,0.779973,-0.599614
-7.71205,4.05759,-0.0481178,-0.179543,0.719586,-0.670791
-7.71205,4.02825,-0.0766907,-0.179852,0.651451,-0.737065
-7.71205,3.99622,-0.102409,-0.180099,0.579388,-0.794905
-7.71205,3.96183,-0.125134,-0.180319,0.504555,-0.844339
-7.71205,3.92543,-0.144729,-0.180535,0.427217,-0.885942
-7.71205,3.88736,-0.161058,-0.180755,0.347378,-0.920139
-7.71205,3.84793,-0.173985,-0.180975,0.264869,-0.94715
-7.71205,3.8075,-0.183375,-0.181176,0.179437,-0.966942
-7.71205,3.76987,-0.188756,-0.181319,0.0983968,-0.978489
-7.67647,3.76992,0.690015,-0.16179,0.0976077,0.981986
-7.67642,3.8088,0.684479,-0.16161,0.180575,0.970193
-7.67642,3.84977,0.67494,-0.161386,0.266336,0.950273
-7.67642,3.88972,0.661814,-0.161132,0.349156,0.923107
-7.67642,3.9283,0.645239,-0.160864,0.429289,0.888726
-7.67642,3.96518,0.625352,-0.16059,0.506903,0.846912
-7.67642,4.00002,0.602292,-0.160302,0.581991,0.797239
-7.67642,4.03247,0.576196,-0.159983,0.654286,0.739131
-7.67642,4.0622,0.547206,-0.159605,0.722614,0.672574
-7.67642,4.08896,0.515558,-0.15918,0.783145,0.60112
-7.67642,4.11261,0.48158,-0.158762,0.835603,0.525892
-7.67642,4.133,0.445605,-0.158394,0.880313,0.447169
-7.67642,4.15001,0.407966,-0.158101,0.917484,0.365002
-7.67642,4.16348,0.368996,-0.157899,0.947133,0.279296
-7.67642,4.17327,0.329029,-0.157784,0.969042,0.189897
-7.67642,4.17925,0.288396,-0.15774,0.982734,0.0967013
-7.67642,4.18127,0.247431,-0.157736,0.987481,-0.000227587
-7.67642,4.17923,0.206466,-0.157741,0.982691,-0.0971399
-7.67642,4.17324,0.165836,-0.157784,0.96896,-0.190318
-7.67642,4.16343,0.125872,-0.157899,0.947014,-0.2797
-7.67642,4.14994,0.0869072,-0.158103,0.91733,-0.365389
-7.67642,4.13292,0.0492753,-0.158395,0.880125,-0.44754
-7.67642,4.11251,0.0133089,-0.158764,0.835379,-0.526247
-7.67642,4.08884,-0.0206592,-0.159182,0.782885,-0.601459
-7.67642,4.06207,-0.052296,-0.159607,0.722315,-0.672894
-7.67642,4.03233,-0.0812727,-0.159985,0.65396,-0.73942
-7.67642,3.99986,-0.107355,-0.160303,0.581651,-0.797486
-7.67642,3.96502,-0.130401,-0.160591,0.506551,-0.847123
-7.67642,3.92813,-0.150273,-0.160866,0.428925,-0.888901
-7.67642,3.88954,-0.166833,-0.161133,0.34878,-0.923249
-7.67642,3.84958,-0.179942,-0.161387,0.265947,-0.950382
-7.67642,3.80861,-0.189464,-0.161611,0.180172,-0.970268
-7.67643,3.76987,-0.19498,-0.161768,0.0974985,-0.982001
-7.6395,3.76992,0.695762,-0.144499,0.0967804,0.984761
-7.63942,3.80982,0.690106,-0.144297,0.181184,0.972806
-7.63942,3.85129,0.680445,-0.144054,0.267227,0.952806
-7.63942,3.89172,0.66715,-0.143769,0.350311,0.925534
-7.63942,3.93078,0.650361,-0.143459,0.430691,0.891025
-7.63942,3.96811,0.630218,-0.143132,0.508534,0.849062
-7.63942,4.00337,0.60686,-0.142785,0.583833,0.79922
-7.63942,4.03621,0.580428,-0.142402,0.656317,0.740924
-7.63942,4.0663,0.551065,-0.141963,0.724811,0.674163
-7.63942,4.09339,0.51901,-0.141485,0.785477,0.602502
-7.63942,4.11733,0.484594,-0.141019,0.83804,0.527069
-7.63942,4.13797,0.448156,-0.140606,0.882834,0.448145
-7.63942,4.15519,0.410032,-0.140272,0.920069,0.365783
-7.63942,4.16882,0.370561,-0.140031,0.949767,0.279883
-7.63942,4.17873,0.330078,-0.139883,0.971711,0.190291
-7.63942,4.18478,0.288922,-0.139816,0.985425,0.0969004
-7.63942,4.18682,0.247429,-0.139802,0.990179,-0.000228055
-7.63942,4.18476,0.205937,-0.139816,0.985381,-0.0973399
-7.63942,4.1787,0.164784,-0.139884,0.971628,-0.190713
-7.63942,4.16877,0.124305,-0.140032,0.949647,-0.280287
-7.63942,4.15511,0.0848388,-0.140273,0.919914,-0.36617
-7.63942,4.13789,0.0467223,-0.140608,0.882645,-0.448517
-7.63942,4.11722,0.0102927,-0.141021,0.837816,-0.527425
-7.63942,4.09327,-0.0241129,-0.141487,0.785216,-0.602841
-7.63942,4.06617,-0.056157,-0.141965,0.724512,-0.674484
-7.63942,4.03607,-0.0855069,-0.142404,0.65599,-0.741214
-7.63942,4.00321,-0.111925,-0.142786,0.583492,-0.799468
-7.63942,3.96794,-0.135268,-0.143134,0.50818,-0.849273
-7.63942,3.9306,-0.155396,-0.143461,0.430326,-0.891201
-7.63942,3.89154,-0.172169,-0.14377,0.349934,-0.925676
-7.63942,3.8511,-0.185447,-0.144055,0.266837,-0.952915
-7.63942,3.80962,-0.195092,-0.144298,0.18078,-0.972881
-7.63944,3.76987,-0.200729,-0.144473,0.0966787,-0.984775
-7.60129,3.76992,0.701058,-0.129109,0.0960236,0.98697
-7.60118,3.81074,0.695289,-0.128894,0.181695,0.974871
-7.60118,3.85267,0.685515,-0.128634,0.267973,0.9548
-7.60118,3.89355,0.672064,-0.128322,0.351276,0.927437
-7.60118,3.93304,0.655078,-0.127975,0.431858,0.892817
-7.60118,3.97078,0.6347,-0.127601,0.509886,0.850726
-7.60118,4.00643,0.611069,-0.1272,0.585351,0.80074
-7.60118,4.03963,0.584327,-0.126761,0.657983,0.742287
-7.60118,4.07005,0.55462,-0.126268,0.726602,0.675357
-7.60118,4.09744,0.522189,-0.125743,0.787364,0.603528
-7.60118,4.12164,0.48737,-0.125235,0.840001,0.527934
-7.60118,4.14251,0.450505,-0.124782,0.884849,0.448855
-7.60118,4.15992,0.411935,-0.124411,0.922125,0.366344
-7.60118,4.1737,0.372002,-0.124136,0.951852,0.280302
-7.60118,4.18372,0.331045,-0.123959,0.973816,0.190571
-7.60118,4.18984,0.289407,-0.123871,0.987542,0.0970409
-7.60118,4.1919,0.247428,-0.123849,0.992301,-0.000228384
-7.60118,4.18982,0.20545,-0.123871,0.987499,-0.097481
-7.60118,4.18368,0.163815,-0.123959,0.973733,-0.190993
-7.60118,4.17364,0.122862,-0.124137,0.951732,-0.280707
-7.60118,4.15984,0.0829335,-0.124412,0.92197,-0.366733
-7.60118,4.14243,0.0443706,-0.124784,0.88466,-0.449228
-7.60118,4.12154,0.00751438,-0.125237,0.839776,-0.528291
-7.60118,4.09732,-0.027294,-0.125745,0.787103,-0.603869
-7.60118,4.06992,-0.0597135,-0.126271,0.726302,-0.675678
-7.60118,4.03949,-0.0894071,-0.126763,0.657655,-0.742577
-7.60118,4.00627,-0.116135,-0.127202,0.585009,-0.800989
-7.60118,3.97061,-0.139751,-0.127603,0.509532,-0.850938
-7.60118,3.93286,-0.160114,-0.127977,0.431492,-0.892993
-7.60118,3.89336,-0.177084,-0.128323,0.350898,-0.927579
-7.60118,3.85248,-0.190518,-0.128635,0.267582,-0.95491
-7.60118,3.81055,-0.200275,-0.128895,0.18129,-0.974946
-7.60122,3.76988,-0.206023,-0.129085,0.0959398,-0.986982
-7.56193,3.76993,0.705922,-0.115342,0.0953386,0.98874
-7.56183,3.81159,0.700047,-0.115124,0.182131,0.976512
-7.56183,3.85393,0.690168,-0.114848,0.268608,0.956378
-7.56183,3.89521,0.676575,-0.114512,0.352095,0.928933
-7.56183,3.93509,0.659409,-0.114132,0.432844,0.894215
-7.56183,3.97321,0.638813,-0.113716,0.511022,0.852012
-7.56183,4.00921,0.614931,-0.113268,0.586621,0.801902
-7.56183,4.04274,0.587906,-0.112779,0.659366,0.743315
-7.56183,4.07347,0.557883,-0.112237,0.728077,0.676244
-7.56183,4.10112,0.525107,-0.11167,0.788908,0.604279
-7.56183,4.12556,0.489919,-0.111124,0.841593,0.528556
-7.56183,4.14664,0.452662,-0.110637,0.886474,0.449358
-7.56183,4.16422,0.413682,-0.110233,0.923771,0.366736
-7.56183,4.17814,0.373324,-0.109927,0.953512,0.28059
-7.56183,4.18826,0.331932,-0.109724,0.975485,0.190761
-7.56183,4.19443,0.289852,-0.109617,0.989216,0.0971359
-7.56183,4.19652,0.247427,-0.109588,0.993977,-0.000228606
-7.56183,4.19442,0.205003,-0.109618,0.989173,-0.0975764
-7.56183,4.18822,0.162925,-0.109725,0.975402,-0.191184
-7.56183,4.17808,0.121537,-0.109928,0.953393,-0.280995
-7.56183,4.16414,0.0811848,-0.110234,0.923617,-0.367125
-7.56183,4.14655,0.0422121,-0.110639,0.886285,-0.449731
-7.56183,4.12546,0.00496428,-0.111127,0.841369,-0.528914
-7.56183,4.101,-0.030214,-0.111673,0.788647,-0.60462
-7.56183,4.07333,-0.0629779,-0.11224,0.727777,-0.676566
-7.56183,4.0426,-0.092987,-0.112781,0.659038,-0.743606
-7.56183,4.00905,-0.119998,-0.11327,0.586278,-0.802152
-7.56183,3.97304,-0.143866,-0.113718,0.510668,-0.852225
-7.56183,3.93491,-0.164445,-0.114134,0.432477,-0.894392
-7.56183,3.89503,-0.181595,-0.114514,0.351716,-0.929076
-7.56183,3.85374,-0.195172,-0.11485,0.268216,-0.956488
-7.56183,3.81139,-0.205033,-0.115125,0.181725,-0.976587
-7.56187,3.7699,-0.210883,-0.115324,0.0952788,-0.988748
-7.52155,3.76993,0.710372,-0.102972,0.0947244,0.990164
-7.52148,3.81235,0.704397,-0.102758,0.182509,0.97782
-7.52148,3.85507,0.694423,-0.102469,0.269157,0.95763
-7.52148,3.89672,0.680699,-0.102111,0.352799,0.930111
-7.52148,3.93695,0.663368,-0.101701,0.433689,0.895305
-7.52148,3.97541,0.642575,-0.101249,0.511991,0.853003
-7.52148,4.01173,0.618463,-0.100757,0.587696,0.802783
-7.52148,4.04556,0.591178,-0.100223,0.660529,0.744081
-7.52148,4.07655,0.560867,-0.0996393,0.729308,0.676891
-7.52148,4.10446,0.527776,-0.0990347,0.790185,0.604814
-7.52148,4.12911,0.492249,-0.0984554,0.842899,0.528988
-7.52148,4.15038,0.454634,-0.0979366,0.887795,0.449698
-7.52148,4.16811,0.41528,-0.0975032,0.925099,0.366994
-7.52148,4.18215,0.374533,-0.0971706,0.954842,0.280775
-7.52148,4.19237,0.332744,-0.0969445,0.976814,0.190881
-7.52148,4.1986,0.290259,-0.0968208,0.990545,0.0971951
-7.52148,4.2007,0.247426,-0.0967848,0.995305,-0.000228744
-7.52148,4.19858,0.204595,-0.0968212,0.990501,-0.0976359
-7.52148,4.19233,0.162112,-0.0969453,0.976731,-0.191304
-7.52148,4.1821,0.120326,-0.0971719,0.954722,-0.281181
-7.52148,4.16804,0.0795858,-0.097505,0.924944,-0.367383
-7.52148,4.15029,0.0402385,-0.0979388,0.887606,-0.450071
-7.52148,4.12901,0.00263258,-0.098458,0.842674,-0.529346
-7.52148,4.10433,-0.0328839,-0.0990375,0.789923,-0.605155
-7.52148,4.07642,-0.0659627,-0.099642,0.729008,-0.677214
-7.52148,4.04541,-0.0962603,-0.100226,0.660201,-0.744372
-7.52148,4.01156,-0.123531,-0.10076,0.587353,-0.803034
-7.52148,3.97523,-0.147628,-0.101251,0.511636,-0.853216
-7.52148,3.93677,-0.168406,-0.101703,0.433322,-0.895482
-7.52148,3.89653,-0.18572,-0.102113,0.35242,-0.930254
-7.52148,3.85488,-0.199428,-0.102471,0.268764,-0.95774
-7.52148,3.81216,-0.209384,-0.10276,0.182102,-0.977895
-7.52152,3.76992,-0.215327,-0.102962,0.09469,-0.990168
-7.4803,3.76994,0.714423,-0.0918183,0.0941783,0.991312
-7.48027,3.81304,0.708358,-0.0916112,0.182841,0.978865
-7.48027,3.8561,0.698298,-0.09131,0.269637,0.958623
-7.48027,3.89808,0.684454,-0.0909326,0.353415,0.931037
-7.48027,3.93863,0.666973,-0.0904956,0.434424,0.896151
-7.48027,3.97738,0.646,-0.0900097,0.512829,0.853759
-7.48027,4.01399,0.621679,-0.0894799,0.588619,0.803443
-7.48027,4.04809,0.594157,-0.0889053,0.661519,0.744639
-7.48027,4.07933,0.563583,-0.0882831,0.730346,0.677348
-7.48027,4.10746,0.530205,-0.0876453,0.791251,0.605177
-7.48027,4.13231,0.49437,-0.0870361,0.843978,0.52927
-7.48027,4.15374,0.45643,-0.0864895,0.888876,0.449909
-7.48027,4.17161,0.416734,-0.0860299,0.926176,0.367147
-7.48027,4.18577,0.375635,-0.0856731,0.955911,0.28088
-7.48027,4.19606,0.333483,-0.0854263,0.977876,0.190945
-7.48027,4.20234,0.290629,-0.0852875,0.991601,0.097226
-7.48027,4.20446,0.247425,-0.0852456,0.99636,-0.000228815
-7.48027,4.20232,0.204222,-0.0852879,0.991558,-0.097667
-7.48027,4.19602,0.161371,-0.0854272,0.977794,-0.191369
-7.48027,4.18571,0.119224,-0.0856745,0.955792,-0.281286
-7.48027,4.17154,0.0781298,-0.0860318,0.926021,-0.367536
-7.48027,4.15365,0.0384414,-0.0864918,0.888687,-0.450283
-7.48027,4.1322,0.000509481,-0.0870388,0.843753,-0.529628
-7.48027,4.10733,-0.0353149,-0.0876482,0.790989,-0.605519
-7.48027,4.0792,-0.0686805,-0.088286,0.730046,-0.677671
-7.48027,4.04794,-0.0992407,-0.0889081,0.661191,-0.744931
-7.48027,4.01383,-0.126748,-0.0894824,0.588276,-0.803694
-7.48027,3.97721,-0.151054,-0.0900121,0.512473,-0.853973
-7.48027,3.93844,-0.172012,-0.0904978,0.434056,-0.896329
-7.48027,3.89789,-0.189476,-0.0909345,0.353035,-0.931181
-7.48027,3.8559,-0.203303,-0.0913116,0.269244,-0.958733
-7.48027,3.81284,-0.213345,-0.0916124,0.182433,-0.978941
-7.48028,3.76993,-0.219375,-0.091815,0.0941654,-0.991314
-7.43995,4.2077,0.247428,-0.075195,0.997169,-0.000220633
-7.43995,4.20557,0.290952,-0.0752421,0.992413,0.0972335
-7.43995,4.20558,0.203964,-0.0752419,0.992385,-0.097524
-7.43995,4.19925,0.334127,-0.0753938,0.978697,0.190964
-7.43995,4.19925,0.160793,-0.075394,0.978645,-0.191233
-7.43995,4.18888,0.376596,-0.0756585,0.956745,0.280919
-7.43995,4.18883,0.118261,-0.07566,0.956625,-0.281325
-7.43995,4.17463,0.418003,-0.076036,0.927024,0.367213
-7.43995,4.17456,0.0768593,-0.076038,0.926869,-0.367603
-7.43994,4.15664,0.457996,-0.0765179,0.889737,0.450014
-7.43994,4.15655,0.0368731,-0.0765204,0.889548,-0.450388
-7.43994,4.13506,0.496222,-0.0770883,0.844846,0.529426
-7.43994,4.13495,-0.00134395,-0.0770911,0.844621,-0.529785
-7.43994,4.11004,0.532328,-0.0777229,0.792119,0.605398
-7.43994,4.10995,-0.0374444,-0.0777253,0.791872,-0.605721
-7.43994,4.08173,0.565954,-0.0783892,0.731202,0.677642
-7.43994,4.08163,-0.0710618,-0.0783914,0.730931,-0.677934
-7.43994,4.05027,0.596756,-0.0790444,0.662341,0.745021
-7.43994,4.05013,-0.101844,-0.0790471,0.66202,-0.745306
-7.43994,4.01595,0.624487,-0.0796537,0.589392,0.80391
-7.43994,4.01578,-0.129557,-0.0796564,0.58905,-0.804161
-7.43994,3.97909,0.648989,-0.0802165,0.513538,0.854309
-7.43994,3.97892,-0.154044,-0.080219,0.513182,-0.854523
-7.43994,3.93988,-0.17516,-0.0807335,0.434681,-0.896959
-7.43994,3.94007,0.67012,-0.0807312,0.435049,0.89678
-7.43994,3.89925,0.687733,-0.0811913,0.35394,0.931737
-7.43994,3.89905,-0.192756,-0.0811933,0.353559,-0.931882
-7.43994,3.85698,0.701681,-0.0815854,0.270049,0.959384
-7.43994,3.85678,-0.206686,-0.0815871,0.269655,-0.959495
-7.43994,3.81363,0.711816,-0.081897,0.183125,0.979672
-7.43994,3.81343,-0.216804,-0.0818982,0.182717,-0.979749
-7.43994,3.76995,0.717958,-0.0821028,0.0937134,0.992208
-7.43994,3.76995,-0.222908,-0.0821028,0.0937121,-0.992208
