6.91563566712821,9.29344165878943,15.3877032866152,-0.116414873530300,0.527747426670695,0.838187089418162
12.3731170419592,8.27092340322729,15.5753126334313,-0.198863822535903,0.517892167625417,0.822534619169779
18.1443912523467,8.76553803093442,16.4731320363164,-0.287418299203242,0.501139598610781,0.795927597793594
21.8998394514801,8.95868120344925,17.1606874647856,-0.379177599345086,0.476332341667240,0.756527836765616
28.0875763829656,6.58105723884859,20.8922442853011,-0.470049720001089,0.443056765783204,0.703678392714501
28.2217437013074,8.05880942195529,24.2971695448872,-0.555395517803035,0.402000565266959,0.638471486012229
32.2792805359222,8.23364248837853,26.9068086452573,-0.631057109620925,0.354988816896248,0.563805768011688
35.2804169696650,7.63419706211170,29.4236836456918,-0.694311540106122,0.304601191788492,0.483778363428782
36.5762634478351,6.76410533634830,35.2325152130607,-0.744280837979368,0.253543067735553,0.402686048756467
40.6190573429517,9.22203000568233,39.4397654517444,-0.781693848656551,0.204086212493927,0.324136925725648
42.2486675197509,8.05897122543078,43.1852668750195,-0.770856782412703,0.219820864683848,0.349127255674346
44.8686672358930,9.48772747217092,47.4645594642861,-0.748785814524025,0.248228895166652,0.394245892323506
46.2519350776803,7.78340767253609,51.0855400033627,-0.719594448087495,0.280375318291869,0.445301976110615
45.0160038824428,9.31250063587535,54.3637362649268,-0.680886236945854,0.316387449185202,0.502497713411792
49.3233996895714,9.11275730177872,57.5995042239970,-0.629690848413348,0.355949323845480,0.565331279048703
52.6740607611095,8.99791603626196,59.0213590587114,-0.562710966275264,0.397947039915663,0.632033533983699
54.1868419919607,7.71960167902431,62.4749831277818,-0.477068204501833,0.440072803777041,0.698939158940006
57.5665447559539,8.40734748526082,61.7487577847737,-0.371717049104796,0.478657868010931,0.760221319782067
59.8744918723162,8.17404916329175,63.4343383832094,-0.249177139429604,0.509191245759228,0.808715507970538
62.1638010266860,7.78209061131584,63.6451357994689,-0.116347411256138,0.527753324407078,0.838196456411240
65.4172422634825,8.19397976177505,63.9192668619096,-0.00866307623908393,0.532757562594218,0.846205993272533
68.6208575858769,7.25306100712306,63.2697586371307,-0.0730731523558047,0.528722010139720,0.844405039253178
72.0593192907902,8.42408449319946,65.8848172357600,-0.133127227336145,0.518782618244389,0.840469690150767
73.4507327288988,8.39203339666506,65.5956471968270,-0.188934378577348,0.503599737682709,0.835293898039941
76.8161997665420,7.88490603944827,66.2369548246620,-0.240801832302826,0.483750059901567,0.829629754039730
79.8915147141053,9.05986714934710,67.4408039252046,-0.289149564669482,0.459679286949963,0.824057976415389
84.4274398760134,7.71112105507043,68.0420429263985,-0.334435221323270,0.431683155993701,0.818979837367041
88.3750010075374,8.35145345216302,69.7829740068841,-0.377092068017157,0.399909260901995,0.814619304685448
91.4159353172374,8.96993052717237,72.4865992465659,-0.417477812838210,0.364373755359572,0.811026799187319
95.1853110134906,8.72057912749995,73.6266833908784,-0.455830300142608,0.324990121397970,0.808079500655710
8.74942029875499,11.4863195257159,12.4291654842077,-0.117849639398355,0.510972757490150,0.848517403668153
12.7628564938624,12.7862860937596,13.4596223084419,-0.201314738096028,0.501430751910106,0.832672023103570
18.4555105304810,13.0793385196925,15.1062528573447,-0.290960612595385,0.485210670197053,0.805737081033374
23.4535771165690,12.9615653886796,15.6375543181236,-0.383850808712353,0.461191922126269,0.765851734009225
26.2913517666996,12.3218483868925,17.6845440207566,-0.475842891217913,0.428974024118122,0.712350942100480
30.0971741631597,13.3697281822758,21.2329417172245,-0.562240541192652,0.389222811834249,0.646340386850040
31.2395774781132,13.2701165328172,23.2571658330222,-0.638834631291654,0.343705351235802,0.570754444307288
35.7050611468078,14.4278956684014,28.4673631996149,-0.702868646851431,0.294919317531927,0.489740734580352
37.5521894296701,13.4939964511030,30.6170875930406,-0.753453795954550,0.245484096967822,0.407648990181190
40.1983703477220,13.9686062790553,36.7313330168794,-0.791327906739589,0.197599248226771,0.328131781223955
42.6749499998325,13.2999036009052,41.6465665601303,-0.780357278071241,0.212833768020364,0.353430106803748
43.1228488143304,11.9438496217735,43.3758468181273,-0.758014294498989,0.240338837561367,0.399104812260219
46.9066652276960,12.2255976637393,48.9801588109498,-0.728463156368904,0.271463473395899,0.450790141470639
47.1014236668471,12.8030980304733,51.6440673181222,-0.689277882301579,0.306330943885993,0.508690792922297
50.1297075664158,13.0572372322923,54.0824041988401,-0.637451531471553,0.344635328076302,0.572298756646069
52.6701929234811,13.8653019979055,56.1270923096917,-0.569646149585680,0.385298129454698,0.639823089686730
55.6923556076343,12.7366562442734,58.0630765770307,-0.482947875679546,0.426084908572540,0.707553299201324
57.0813313280492,12.9011848760688,60.3787341659866,-0.376298310231113,0.463443530657926,0.769590737698469
59.1787828476270,13.6089025996367,60.1823862360806,-0.252248146113814,0.493006392426782,0.818682596991171
63.7350897478122,12.9545814989291,60.8058463450640,-0.117781345679159,0.510978467764554,0.848526886105603
65.6529116077126,12.4214852745430,63.9321773422281,-0.00979673889248924,0.515816275888614,0.856622900623494
66.6795362952205,12.9609884151738,62.8889002075748,-0.0825526375446159,0.511395052219570,0.853941487452693
71.4007803872049,12.8600006952762,62.8886952051335,-0.150043440409400,0.500600829515733,0.847961959260461
72.8054193844363,13.9571528448340,63.4358959636408,-0.212223716476699,0.484311122361046,0.839897757626527
77.9063505076550,13.5817716088169,63.5471990819037,-0.269377000871168,0.463316513365779,0.830786120205155
81.5777623998382,13.8409660799097,63.3212771836670,-0.321983310727732,0.438249849184759,0.821434185944741
83.6029007678854,13.0364235661574,65.9529247520588,-0.370603011786559,0.409560495475502,0.812408262768710
86.3901848388980,15.0975912996273,68.3551382794174,-0.415785535417419,0.377519563704158,0.804045941229807
91.5529023813919,13.4915023598245,70.1708840142457,-0.458000911793615,0.342244165568686,0.796475341771754
93.7039373604750,12.6683603288942,73.0522479757769,-0.497587850703267,0.303733545071523,0.789632207542103
7.89522243880499,16.8528274492819,10.3526563368978,-0.119497228564749,0.490735285305904,0.860380045666195
12.3948047300302,17.9906323948809,10.6529695089998,-0.204129205609174,0.481571198254152,0.844313139796241
16.7375938237604,17.5864002241616,11.1969210672304,-0.295028368386638,0.465993525451716,0.817001635532229
22.2930965954893,16.8301987815001,13.1939729351156,-0.389217209807639,0.442926058518444,0.776558674025843
25.6211071106397,17.5358600816012,16.0438240886352,-0.482495381598699,0.411984175337344,0.722309917799240
29.9845925211313,16.6093036285026,17.9071561577361,-0.570100908261283,0.373807340632496,0.655376506303727
32.4290205708270,18.4576459708065,21.0102022332117,-0.647765817021261,0.330092634347769,0.578733839440893
35.0804672309967,19.4666789596141,26.0449632138393,-0.712695055942396,0.283238809329365,0.496587522850186
36.2981545805211,18.5039026111980,28.7233111753916,-0.763987407410055,0.235761508999604,0.413348100194111
39.1353363651253,17.6531704998535,31.9476284217858,-0.802391014720793,0.189773176814942,0.332719206104119
41.7370662929908,18.9994290011346,35.9457839969605,-0.791267011896743,0.204404321641780,0.358371213268056
43.2918626057174,18.1445364521835,41.9573763951264,-0.768611663705757,0.230820031580725,0.404684470953219
46.7219548326727,16.1365164782865,45.0057976233865,-0.738647387824158,0.260711952084131,0.457092383524126
46.3909941105457,17.7960104436265,48.2655209671795,-0.698914286598726,0.294198469374989,0.515802511241863
49.9520838604093,17.9746722963213,51.2327602772259,-0.646363380864695,0.330985778734551,0.580299741937199
52.5162888784777,18.3614866965025,53.7018282845155,-0.577610050277505,0.370038098341137,0.648768094494201
54.2610110685356,17.7802916012488,54.7509323875706,-0.489699696830337,0.409209485452688,0.717445201767699
57.4294506567719,18.8506747822302,57.0066993209850,-0.381559124115946,0.445088490348679,0.780349950611321
61.2564961596866,16.8489961584141,56.2977938737422,-0.255774684802451,0.473480492059022,0.830128135428155
61.7614874254564,19.8790830172629,57.9011617405676,-0.119427980069685,0.490740769420463,0.860389660672241
65.0820920517212,18.9934761082919,58.4993653671868,-0.0108542501671055,0.495379944223592,0.868586537960146
67.0752141624732,17.7142936177544,59.2068228134194,-0.0913726359412955,0.490644355222772,0.865004633257428
71.7271924612466,18.1421255848461,59.6477202075320,-0.165687646720058,0.479170160671532,0.856948268113892
73.2010451174912,17.2135729661098,61.1497725617185,-0.233573907061384,0.462040385109595,0.845983614226863
76.5870623360859,17.1671076819085,62.4634665706006,-0.295292081419853,0.440244715619061,0.833461685085066
81.6063917767484,17.9726365495044,62.7251586935183,-0.351397294094074,0.414583402224149,0.820432666953387
84.4078593059661,18.7002438214453,63.2298546879935,-0.402571880799939,0.385636059525476,0.807632791592264
86.5121233736494,18.6523854928929,66.1099878476524,-0.449499337276903,0.353772626560526,0.795510035650119
91.3845929860130,19.6169120311225,68.7481409034772,-0.492777029916888,0.319187041095564,0.784262713705098
93.5852231485390,17.6510459063567,70.9815377161765,-0.532857620572073,0.281941662915757,0.773876015830984
8.63482188024954,21.8940624750284,7.15821662093131,-0.121400087760682,0.465894829551140,0.874080631876913
14.8717145839656,19.8850322276216,6.82673259655454,-0.207379734016545,0.457194618046467,0.857757878570563
19.7174429101330,21.8256345958624,8.30863883381267,-0.299726363901584,0.442405469125638,0.830011469265925
21.7179517360579,22.1893599195852,10.8285340285694,-0.395415056868976,0.420505650838974,0.788924499006052
25.8624953845360,22.1026593807959,13.7531343089509,-0.490178578815050,0.391130010198698,0.733811892245897
30.1850775456012,21.5543559513753,15.5137445865270,-0.579179125128104,0.354885642959994,0.665812641323736
32.9603852340891,21.0425476336546,17.8122521138956,-0.658080760359567,0.313383724831760,0.587949526043876
35.0617989874467,21.7436607664146,23.6395653892729,-0.724043924509346,0.268901586549894,0.504495121593609
37.5077511797440,23.8329095158287,26.1695946908218,-0.776153049084160,0.223827532559882,0.419930204591199
39.1284847013146,21.3292355760836,31.7142256749088,-0.815168190722563,0.180167076859905,0.338017385891241
39.8359382386484,22.0746047693636,35.7509765387564,-0.803867050643336,0.194057609962672,0.364077872467732
43.5090573771703,21.1463758369351,38.4183238220641,-0.780850941469354,0.219136187044826,0.411128616781985
44.7436224732369,23.0040982472286,43.1344682620449,-0.750409518137596,0.247515012910607,0.464371066518088
47.6737861662184,22.7016220601694,46.8238583011551,-0.710043711886634,0.279306481208552,0.524016087101241
52.0716817357639,22.2007465827800,48.4971787405913,-0.656655991981834,0.314231659276875,0.589540363779274
52.4517372507215,22.0344423717676,50.8178967987978,-0.586807841799828,0.351307195378474,0.659098997975929
56.0465192996444,23.2555730665174,53.5237845818008,-0.497497614677900,0.388495771924873,0.728869711073554
56.4512768149396,22.5346899052607,53.8980070154274,-0.387635024760979,0.422558622856945,0.792776147414389
60.9479402895737,22.0696478443090,55.2102802603597,-0.259847609479525,0.449513454093932,0.843346993934538
61.2629070836617,22.1818052220573,57.4102158193243,-0.121329736561085,0.465900036066128,0.874090399991135
65.1388562862534,23.3036602818898,56.2411090333842,-0.0118396857607909,0.470297939863853,0.882405717708221
68.4430813840872,22.4683439510076,57.0626596365341,-0.0995722550926238,0.465353841666147,0.877921113276034
71.6409246216530,22.2875609050750,56.7809117173444,-0.180151169604788,0.453451694672120,0.867793579010585
74.0664789613390,22.5273314353362,56.7003276958965,-0.253155118673496,0.435849580480327,0.853963305332361
76.4078387019476,21.9936004799721,58.6060665715094,-0.318825670120535,0.413704208923846,0.838111867915279
79.4938881622989,21.2826948334285,59.8834234164591,-0.377806078849213,0.387950885184625,0.821539299270330
83.1713971757756,22.3665596092110,62.1276136208095,-0.430914789560812,0.359269134130612,0.805149963776628
86.3015665994701,20.7746334989073,63.4886769874302,-0.478980978272448,0.328101143776335,0.789495655077520
90.1080895912099,21.5171550522988,66.9140605239837,-0.522738280180809,0.294695434261670,0.774836886610016
93.3520810470369,22.9188271987019,66.9660017198401,-0.562761164034774,0.259159123541649,0.761200729423919
9.54364592312628,25.3308415535753,5.43546374418866,-0.123606472033074,0.434780860357607,0.889966598638134
13.6201537478988,26.1025943019275,5.61347622965904,-0.211148754220624,0.426661677221491,0.873347187669984
18.1384859709240,25.7142886115206,8.15932648147431,-0.305173736696217,0.412860195676934,0.845096501620294
21.4012860662895,26.1084695684685,9.22405144978392,-0.402601522534984,0.392422918350795,0.803262796768595
26.1079534395355,26.2253839935134,12.6901596005889,-0.499087322844073,0.365009078357249,0.747148546673503
29.6122147224129,25.4857654432692,13.7064958561870,-0.589705408396526,0.331185227626081,0.677913444274325
31.7255364212266,24.1868500690072,16.8613446876396,-0.670041040342917,0.292454942321844,0.598635206846518
34.2968774117302,26.7034263566323,21.0110141475335,-0.737203051137882,0.250943465640790,0.513664061438008
36.1273786044898,25.4401681206382,25.4224696082419,-0.790259232300799,0.208879603304169,0.427562220481820
40.4539421083407,26.1143468228230,27.9956170837640,-0.829983454109439,0.168134934574684,0.344160678353233
40.8438039312710,26.6621561605402,31.3292944773612,-0.818476921610890,0.181097812782767,0.370694800894688
43.6717690133804,25.0205831664090,37.3582367874509,-0.795042506468356,0.204501561072544,0.418600668332608
45.7684060954867,26.8914384101602,41.3375194042565,-0.764047825895130,0.230985156818284,0.472810772259810
47.9291115496179,26.4794366256366,45.5513525717866,-0.722948391837984,0.260653487655802,0.533539810472345
49.5864785745472,25.9844082320660,46.8852442901926,-0.668590377531346,0.293246248951989,0.600254957241075
52.2435472512974,25.5994721851826,49.4948395954609,-0.597472773077436,0.327845760391090,0.671077783905227
54.5933653629487,26.8506601613889,51.8519405143803,-0.506539378426387,0.362550763067114,0.742116543895500
58.4195051160367,26.2431309137444,52.2815419352262,-0.394680092337427,0.394338786232658,0.807184446909449
59.0025353141780,26.3123722917694,52.9924740636062,-0.264570206384928,0.419493486333757,0.858674392603756
62.4370687463641,28.0408115610105,54.2136703635830,-0.123534842236540,0.434785719164622,0.889976544282818
66.2159190525906,26.3302140033410,53.1430373051322,-0.0127573969085218,0.438884264554013,0.898431418295387
68.5473330316393,26.8277189222908,55.1622032582412,-0.107193047064462,0.433876990443624,0.893055588513560
70.2742749638250,25.8459568117245,54.4292863606768,-0.193529599208016,0.421887232598000,0.880889572733162
74.8004100293586,27.3283166006793,54.8216712988850,-0.271141020431485,0.404296691791554,0.864256089684711
75.1121489360513,25.8104261754235,57.2279673425569,-0.340253063122934,0.382378745471537,0.845172735287551
80.0739573009259,25.0905090403348,58.9860179984634,-0.401604971421035,0.357159271321088,0.825188577626786
85.0033207247047,25.8731896949330,60.1450260277143,-0.456158576332266,0.329381644995945,0.805370927057993
87.5156680958017,24.5136665417385,62.7939120913712,-0.504893936913809,0.299532999413702,0.786368953220961
91.2046451607369,26.8925807594309,65.3162607089556,-0.548684992331575,0.267896615168358,0.768499854995651
94.0381375533761,24.9391794870525,67.9093251674662,-0.588232635051209,0.234610011562660,0.751828729996557
8.24582687322255,29.5791209636381,3.35270347695731,-0.126163743571198,0.394870383387749,0.908378953712624
13.9609542532430,30.0852845615631,4.64629992612195,-0.215517171914272,0.387496496333208,0.891415706811370
19.7653599694138,29.7400031202460,5.34060058280820,-0.311487419937879,0.374961914419147,0.862580547520279
21.8577539619526,29.6526454802101,8.77197900318014,-0.410930871296823,0.356400666054772,0.819881352852457
27.0361207296408,28.6622238577905,9.20346605988834,-0.509412848560930,0.331503264868624,0.762606165370422
28.9223629366112,29.3097645760537,11.5060291957357,-0.601905714998324,0.300784256458546,0.691938670687148
32.1303182796262,30.0981258595790,15.0091801813585,-0.683903396040483,0.265609197017746,0.611020260404052
35.7688046369696,28.7429403584687,18.4701702610787,-0.752454909309098,0.227908244177832,0.524291162615371
36.9536849030500,28.3652467491663,21.9516104881172,-0.806608760033955,0.189705611628714,0.436407976527041
40.5095280187492,28.7948715830237,26.3351773512754,-0.847154828952495,0.152701078013812,0.351280955251506
40.3069093754081,30.0373578213988,33.2275692385710,-0.835410239921978,0.164474035736984,0.378364037368040
41.6977800116777,29.1341525042691,35.9590424391424,-0.811490994479938,0.185729449446534,0.427261020475659
45.5747805114057,29.5321018684913,38.7941465251566,-0.779855070667912,0.209781997658995,0.482592667260378
48.1192440228785,27.9579373653585,43.5812574881357,-0.737905337987898,0.236726939905646,0.544578117361419
51.1173650562529,28.7356999836043,44.7218131602757,-0.682422720733138,0.266327866078214,0.612673521516249
52.5203630758803,28.7942205857631,49.0435463526438,-0.609833777256780,0.297751333835624,0.684961588599440
55.6024404686660,28.3410606958751,49.4770267256215,-0.517019078348912,0.329270609318181,0.757470056413573
57.5322966269344,30.2929798150821,50.5561679527654,-0.402845556088617,0.358140667867200,0.823884137290914
60.4710793865318,30.1857205309063,53.2546797430635,-0.270043850664999,0.380986305701293,0.876439348989969
61.8267823035940,28.1000317316213,52.3462113341496,-0.126090631838993,0.394874796183168,0.908389105120919
65.3016716044973,29.5536999534093,52.9663931789050,-0.0136109940957039,0.398592415946613,0.917008083336905
67.7322466900886,28.5813628939189,53.7431415150500,-0.114270199745393,0.393717058707167,0.910762871576335
70.9552510137569,29.2212084519605,53.9169951771794,-0.205905858662856,0.382092868618982,0.896609282608192
76.0032090353079,29.3903480178599,54.0178303555490,-0.287683440350583,0.365149800758067,0.877248311346644
76.1502928364110,30.7214491266292,54.0095172171720,-0.359813105093070,0.344207176071002,0.855029043613825
80.4953708420959,29.6501541540015,56.5554512585240,-0.423131109225983,0.320323681531241,0.831743736394167
83.4924025343817,28.8286425102372,59.5348184993063,-0.478742890148754,0.294263996979269,0.808617052656334
87.4204056898003,30.0189114605216,61.9787416458327,-0.527779284697230,0.266531229632960,0.786391840119897
92.0055016168717,30.0546056755315,63.7640049836085,-0.571255537988707,0.237424652479628,0.765440763309674
94.8423517208700,29.4644513801782,67.0801805032357,-0.610002411057726,0.207100057675728,0.745867714497368
8.02446898341649,34.2681608901281,2.51878944953358,-0.129095935466445,0.342230793628693,0.929490735358403
12.2572080299809,32.3409623952287,4.33732253033521,-0.220526041236677,0.335839908606744,0.912133242902341
18.5901067566659,32.1071386115054,5.72322066633804,-0.318726749259918,0.324976293363054,0.882627921027466
21.2787789277536,32.9113305074540,5.83907040921927,-0.420481381896910,0.308889417705323,0.838936347495521
25.3142937725164,31.4325335041652,8.53707117746819,-0.521252194664687,0.287311052434863,0.780330018151492
29.7260850230342,32.1451565280534,11.6505956559122,-0.615894702715900,0.260687149833021,0.708020128836429
31.2564170894511,32.0423136027487,15.2782801499967,-0.699798105076840,0.230201225806299,0.625221080740185
36.4932142965175,33.5675516770470,17.8851994960948,-0.769942835112202,0.197526131512656,0.536476298013664
37.7575839917076,33.0398551016331,21.3040822517263,-0.825355284208486,0.164416235693623,0.446550604635343
39.5684360118651,32.9604319162880,26.0743080615996,-0.866843690848639,0.132344722002884,0.359445132540378
42.2997823676872,33.2102280721542,29.5192171407288,-0.854826143931859,0.142548244055846,0.387157656932741
44.2793492170407,33.1938903649460,34.2210732289554,-0.830350987451986,0.160970129841041,0.437191062704365
45.5025806162654,32.5005496460447,37.5870311746924,-0.797979808036611,0.181816268244538,0.493808681208538
48.7380049330012,31.3416901642570,41.6149139227084,-0.755055114859306,0.205169219889675,0.557234745144146
50.3908912514039,31.1296875752210,44.0347629117751,-0.698283017156071,0.230824090151835,0.626912765560309
53.3046306021877,32.5046006916231,47.4741856241885,-0.624007022346889,0.258058541662026,0.700880891259585
55.0496769726978,33.8051457120373,48.6089739223270,-0.529035202064893,0.285376028910505,0.775074540058709
57.1869741552996,33.1391754980285,49.0057615080675,-0.412208154575026,0.310397462436543,0.843032161292149
61.3264787888773,33.3124994547765,51.2913461415669,-0.276319983315061,0.330197581908247,0.896808817135417
61.9752336180801,33.9094298097083,50.7377035422801,-0.129021124532691,0.342234618160848,0.929501122697214
65.8692649372170,32.0862783127976,51.8666807545701,-0.0144003406382564,0.345453023528379,0.938310572625686
69.8283902099593,31.9674724234926,53.8660788318666,-0.120807295303525,0.340974148851976,0.931227984430817
70.8141638741499,33.3558960325040,52.1008127840777,-0.217304960060115,0.330329161435757,0.915155075021327
74.6735975663724,31.9007588038327,53.4853252901115,-0.302850415996117,0.314891854104895,0.893154062240856
77.5292600478298,34.2343929255761,55.4457198865356,-0.377634174133236,0.295931557219469,0.867892039781324
80.1894325912139,33.1868692119523,55.2540846581828,-0.442583292225033,0.274464483241166,0.841395381258067
83.7462796734124,31.9660303391690,58.9387159835063,-0.498940624942151,0.251223757128198,0.815041929264518
87.6111273638305,32.1755735757461,59.8157057221016,-0.547983699425955,0.226694221468808,0.789668518264959
92.4341421416213,32.8918768455609,63.3356453891071,-0.590868485071860,0.201170021213077,0.765706821784306
94.8216423592750,33.0446952874929,65.1075840443113,-0.628558991714685,0.174812208281843,0.743304610765440
8.35473161139885,36.1829413786630,2.73333429855560,-0.132336759758359,0.270555153283757,0.952824670260186
11.8257235512997,35.5201909917063,3.21830595946963,-0.226062126852830,0.265502753239919,0.935031435323193
18.1109603384888,34.4364326075089,3.06324192569379,-0.326728065395490,0.256914376208420,0.904785411864435
22.2812552488511,35.3227328409297,6.85731852298565,-0.431037146273422,0.244196680459053,0.859997005094924
25.2533196131276,34.0192521694979,7.38561908408217,-0.534337709468692,0.227137613793952,0.799919422491745
30.1612716003350,35.7091905345454,10.9030897006828,-0.631356122989212,0.206089729782473,0.725794265755665
32.7870739217216,35.7058661046016,13.4821502200598,-0.717365836316204,0.181988672830258,0.640916630402214
35.7177366945482,35.3655604637405,16.8514081913870,-0.789271479615232,0.156156937902369,0.549943998699646
37.2863776157492,34.5076376173624,22.4289725054317,-0.846075002802710,0.129981464785105,0.457760810764934
39.2086239855859,36.2667288735861,23.9555657193449,-0.888604934380006,0.104626898614609,0.368468642947102
41.2795827709799,36.0385531014747,28.4598691028085,-0.876285698972133,0.112693430102913,0.396876862536347
42.7459142592157,34.6787269410015,34.3845670856709,-0.851196118177647,0.127257099489710,0.448166306898544
45.2838846230105,34.1807739363099,35.6320354323375,-0.818012292692290,0.143737294364435,0.506205254066053
48.4376124313795,36.0516057436314,41.2146221818889,-0.774010018041415,0.162199284137433,0.571223565875308
48.2927648121224,35.7350249492275,44.3639098400705,-0.715812713629117,0.182481086609552,0.642650783277119
51.0070505055247,35.2769559483069,44.4567610103080,-0.639672094287690,0.204011648265945,0.718475804762676
54.8601690604864,35.4524964522254,47.5140356228793,-0.542316101482329,0.225607854941193,0.794532010879853
57.6026428121791,35.8059461661450,48.5218071551764,-0.422556227857466,0.245388885488553,0.864195640198817
59.1684182621972,34.9032728955714,50.7743093045021,-0.283256720022016,0.261042136038870,0.919322305180367
63.0309521910163,36.4913469423547,50.1154870709067,-0.132260070770966,0.270558176819051,0.952835318362745
66.3700148036858,35.5255370133652,51.4321533204454,-0.0151131150367620,0.273100090916094,0.961857328739446
68.7574728551265,34.6350283289107,50.3916988286239,-0.126706191300893,0.269387694297259,0.953989335150249
69.8941267304846,34.8534546490269,52.4189961444662,-0.227571165355594,0.260583031934955,0.936106180017294
73.5814378793092,36.4518457448883,52.7491775233733,-0.316462871440652,0.247860681676044,0.911598902106277
76.5905691909562,34.7283310317440,52.7359799473982,-0.393544685436227,0.232308802543987,0.883428272183034
80.1970269167960,34.3998269256252,54.3374919168173,-0.459821385050044,0.214798837775282,0.853841186155163
83.2120953691415,36.1719978663277,57.2172807622752,-0.516660793314348,0.195960694519487,0.824364757434393
86.4436078398542,35.5036219830415,57.8430297226793,-0.565478836682404,0.176214154223402,0.795932733942540
92.0992892143529,37.0110391791042,62.7514889506680,-0.607569169361083,0.155818775314432,0.769042326507995
93.8461246338456,35.0338909802258,66.1333945993246,-0.644030627010089,0.134922338611491,0.743892414024045
8.42805876707639,38.1857707836564,1.31280290155310,-0.135536809581495,0.169594777117358,0.975865028986767
13.6333109717916,37.6598316682687,0.780727380870860,-0.231528560142976,0.166427730957111,0.957641533867968
16.5259346542516,38.0211311471549,3.23949009949450,-0.334628712878409,0.161044193180141,0.926664127970978
21.1591667979012,36.4035340446760,6.61907420534635,-0.441460103176825,0.153072233489549,0.880792687784124
26.2623960006690,37.8750473706445,8.05027340246188,-0.547258588714961,0.142378929097510,0.819262362511902
29.6349167169376,38.2858143543351,10.1293997906997,-0.646623015222305,0.129185274663676,0.743344777163120
31.5455610579517,37.6707411818203,13.4740978541230,-0.734712538939264,0.114077769474829,0.656414706322379
36.1487428350946,37.3875751132988,17.3649961696860,-0.808356940551113,0.0978854062007303,0.563242255351743
37.6219357510413,37.6960505633117,20.3927953190319,-0.866534036014816,0.0814775740992736,0.468829975554837
39.8690600101274,36.0039213708892,24.5362050786135,-0.910092388571064,0.0655843192623100,0.377378623951980
41.7409495155854,38.6688216170263,28.8929629666085,-0.897475260369381,0.0706407434082374,0.406473785840842
43.1944007478694,37.9490410799378,33.2992462035237,-0.871778985646990,0.0797698331102334,0.459003465929376
44.2368924875294,38.1158012084851,36.6120224314686,-0.837792738407698,0.0901002775416437,0.518445859296999
47.7514369833938,38.1990875907984,39.3809635925391,-0.792726439887180,0.101672990175991,0.585036386094636
48.8450653843254,37.9047759525101,42.0095283100476,-0.733121860020717,0.114386434100638,0.658190792939735
52.2928950656245,38.8100130699313,45.5671349579564,-0.655140075942434,0.127882650162351,0.735849347655494
55.0047743200692,36.7801815388922,46.5229261223201,-0.555429907108229,0.141420015144003,0.813744677304017
57.4982181920495,37.6155768494259,47.6828327631153,-0.432774106734729,0.153819555223407,0.885092850547801
58.8184646311936,38.5426225801663,48.3660547642377,-0.290106182094865,0.163631637920863,0.941552539511851
62.8950784390844,37.6636873417644,48.9582081415434,-0.135458266169216,0.169596672390053,0.975875934572271
64.3944243825194,38.1896674248278,50.7734087264653,-0.0157014938881226,0.171188867754106,0.985109328783689
68.4118165651480,36.3794315974146,50.1499822936875,-0.131573983468210,0.168778307853452,0.976568009449315
71.6274035074369,37.9543250150403,51.4983833850337,-0.236032675132367,0.163067613902289,0.957120888509169
75.4446135311690,38.5420577856604,52.8821955411895,-0.327653648600169,0.154834085098670,0.930428113736358
75.6329743662637,35.8832311014892,52.9479491581906,-0.406567027936670,0.144800632103799,0.899696816729437
81.1314388750374,37.4868115677095,55.3381289430499,-0.473835206091184,0.133547811694758,0.867365307141729
83.6193989784908,36.6727899641033,59.0156947447697,-0.530928582357339,0.121497196817398,0.835096769204245
87.0566514179902,36.8511701384400,58.7166184182264,-0.579382761235248,0.108932304521017,0.803919135884109
90.1214351676045,38.1495955448995,61.9737912644226,-0.620615471116949,0.0960314187231100,0.774397424803440
94.2998237795756,38.5475290535492,64.3469285849276,-0.655850636251330,0.0828989389666240,0.746784577390139
8.34310516911245,39.5881383680087,1.45897153414809,-0.137530177648806,0.0233384543888882,0.990217279071400
12.9092104072547,39.3403305214335,1.16021672675271,-0.234933698864216,0.0229026275101672,0.971725767217098
17.4808276692580,41.1975043589645,2.49506766137264,-0.339550167003798,0.0221617824617863,0.940292770164364
22.5654988027435,39.6868073657862,5.14098093506235,-0.447952748793771,0.0210647367815398,0.893746689159621
26.2798058127580,40.0601958353327,6.80841526059388,-0.555307234678180,0.0195931985593021,0.831311424587533
30.2343009055220,39.4773670941173,8.92674035672499,-0.656133034486532,0.0177775795440201,0.754277303510568
32.7647314433131,40.1615712411540,10.8230415432243,-0.745518109162557,0.0156985896908373,0.666068734025525
35.1315011602688,38.7779734889205,14.9456573513573,-0.820245614316259,0.0134703092087127,0.571525976426813
36.7646296794775,39.7729589320897,19.5882975608410,-0.879278332431139,0.0112123774042716,0.475725155581240
40.0075346318503,39.0471408234890,25.0337571690427,-0.923477306744077,0.00902525814618991,0.382928809916916
41.4082545335317,39.6024092377130,29.4496139092846,-0.910674615811974,0.00972108809040417,0.412451880407149
43.8115909676688,40.3073191337767,33.3886589352218,-0.884600420629166,0.0109773699597135,0.465754125433561
46.4015810629166,41.3231730875417,37.4017924005796,-0.850114330578290,0.0123989739163765,0.526070750451977
47.4618605649418,39.3940743514810,39.6144481141436,-0.804385232625941,0.0139915301882334,0.593640637986476
49.7112338561870,40.1823111925058,42.8402005306886,-0.743904035798093,0.0157410659711410,0.667870941918414
52.2172736666249,39.3900631356255,44.8130463240288,-0.664775357391298,0.0175983214145731,0.746671637161177
55.0089741794279,39.8272643963199,47.1160879102399,-0.563598730351725,0.0194612394863448,0.825712589634919
58.9693980755203,41.9817763835635,48.0690646792209,-0.439139005594215,0.0211675780039874,0.898110095312041
59.2291662986516,39.9007707988472,50.0710323390235,-0.294372834093704,0.0225178486219093,0.955400148672440
63.6737399614038,39.2781513699943,48.5893988972521,-0.137450479082215,0.0233387152031425,0.990228345047620
65.1904513342065,40.5574869986659,51.8953656845242,-0.0160198024439979,0.0235577397892791,0.999594045743823
68.9287956022917,40.4955571713689,50.0079175354731,-0.134207322022163,0.0232201347053828,0.990676195837889
71.1926078586288,38.5383639130111,49.8034379968085,-0.240607738405225,0.0224205931581915,0.970347528510002
73.7385193668022,39.2436392209149,50.7848042510371,-0.333694865291965,0.0212688009671411,0.942411088195463
77.0662579693982,39.3972953233410,52.9262229053841,-0.413574634398543,0.0198670834732000,0.910208675358115
81.2351283737934,39.5527741445324,55.6057927387432,-0.481336438687904,0.0182978519774382,0.876287282817670
84.7625515384957,39.8396349449601,55.7615278666906,-0.538505369559712,0.0166211898212061,0.842391124999999
87.8857168071840,39.3074180914045,59.1499156940968,-0.586684383769646,0.0148777607316713,0.809607220489987
90.1203494038744,40.1024607487355,60.7993085961994,-0.627363596234083,0.0130933862919358,0.778544899685465
93.0814408783320,40.1323125725359,65.2155985841869,-0.661841449210648,0.0112833980540539,0.749492697132571
8.87069415171002,40.9794662299435,0.284589261844110,-0.134880950271289,-0.188475850338394,0.972419938055044
13.8266053685543,41.9542577996940,1.00169445070181,-0.230480319565647,-0.183653710103895,0.954559472055787
15.9016716555324,40.7560374152033,4.72745566640626,-0.333269161625606,-0.175855043550560,0.924112870394805
22.0918579967148,42.3134342646063,4.98937866451602,-0.439938467962483,-0.164814063373744,0.878911039768376
27.5629522344924,41.4824451825293,8.02467354040404,-0.545787582132375,-0.150594357847869,0.818134692556573
29.2030557518910,42.2295427716674,10.3892550423103,-0.645457407640984,-0.133695577631607,0.742980587588065
31.9590220428959,40.8587479913451,12.8694750103104,-0.734115286232726,-0.115024952830695,0.656743615313760
34.4420031494013,42.2790144459842,17.2948215902194,-0.808565066892294,-0.0957149295049806,0.564128151777509
36.2265591863649,41.4325088380320,20.0645194165133,-0.867736248653438,-0.0768694935452378,0.470097808906139
39.3641554917284,41.5954095603760,24.9691571518290,-0.912422282926752,-0.0593616774004151,0.378842277398370
41.8946656629851,41.4361435942103,27.7707641974097,-0.900686852024036,-0.0611483588599970,0.408464785553388
42.8472529554571,42.1905153685399,32.0921183378195,-0.875638989220323,-0.0661889441599012,0.461642092820374
45.9046902985944,43.0956983841545,37.3049289924416,-0.842091602135074,-0.0718645295249153,0.521791375054584
48.4865132711439,42.3704014060020,39.5996828877766,-0.797241398730743,-0.0782092154770624,0.589142180784339
49.6224054692257,41.6770825253266,42.3121999213285,-0.737613755048177,-0.0851748276658248,0.663094432962511
52.8183914107720,41.0554616180040,45.2722595656701,-0.659355438950693,-0.0925650568590517,0.741557918718062
55.2912848837519,41.7207603737376,44.7533113404496,-0.559112777331398,-0.0999638440264115,0.820217552550294
57.3056039618848,40.8554269165194,48.0271524120834,-0.435690201010348,-0.106710119059385,0.892228512980758
61.4926409776292,41.5836368389908,48.4774961534541,-0.292074966732317,-0.112003684289421,0.949188904149701
61.5840367003432,42.4071809266941,50.3124131459401,-0.136380033452727,-0.115178666062808,0.983808634503393
65.5828501254329,41.5835238238654,50.1258503221868,-0.0159171780368891,-0.116014638249872,0.993118215373020
67.4690832889906,42.6077433971812,49.0941219537325,-0.133347001439482,-0.114979120745594,0.984253891772569
70.5674330012816,41.2549880198954,50.8052869711691,-0.239062804100085,-0.112618550712146,0.964046742620997
74.5186679254783,42.0035596079359,51.6159102711843,-0.331546864337404,-0.109374479646386,0.936276573994237
78.1479333376092,41.9175579432596,53.4745090207882,-0.410903897973753,-0.105634930016672,0.904264968298742
80.6041115801442,40.5334091040402,54.1597105828923,-0.478216350168024,-0.101695655710772,0.870543662715618
84.7930028910378,41.2360177249094,55.5326398778648,-0.534999941945699,-0.0977592117779128,0.836846585928657
86.3727944827134,42.4574573070064,58.8504638117600,-0.582847994468338,-0.0939518557024369,0.804254537821570
90.8418849699201,40.7432910835463,61.9573843443983,-0.623241869562715,-0.0903443885433770,0.773373595545078
93.6877848562235,41.5309241940768,64.8372156295689,-0.657472609749303,-0.0869703704377429,0.744491043392593
7.94411457326046,42.8549792388466,1.84566540183782,-0.127026917639476,-0.366849340418146,0.920174484720415
11.2989731730349,42.8507777644829,1.47722363845683,-0.217257715481482,-0.357789800194962,0.904098068675076
18.5198579467835,42.8972170482391,2.88530334950866,-0.314580127479725,-0.343066152477514,0.876460529559995
23.5723534538578,44.2928894264666,4.80253522471053,-0.416026721686057,-0.322114624955093,0.835113293596401
26.2862166092125,43.6396307770205,8.03342927112448,-0.517289916280737,-0.294989088267338,0.779123601502233
30.4548634354538,43.9336849411775,10.3991068066106,-0.613373499236494,-0.262579821810107,0.709424323500829
32.5215600842140,43.1902225407719,13.5163280702817,-0.699687669287595,-0.226578608421921,0.628936792271318
34.2638807335186,43.5346679429918,17.5436878666424,-0.773108521637016,-0.189143777463125,0.541969002356700
36.9773496131193,44.3039581161603,21.1967309674262,-0.832479812401368,-0.152414708130811,0.453153550037916
39.1135747637846,42.6043977533617,24.8709816886072,-0.878408430541361,-0.118111902515650,0.366463090614810
42.5354235199045,43.0275685124382,29.5997469088555,-0.869682746276449,-0.122027784109089,0.396289751584160
43.2500895669584,44.4508403875822,35.2895337969159,-0.847582363109905,-0.132412553810988,0.448986631648964
45.7750711898142,44.9899206297689,38.2662317526148,-0.816770791353341,-0.144059644002655,0.508521064311470
46.7896196460989,42.9438280915705,39.9291000377469,-0.774522566076701,-0.157032321443254,0.575089634894331
49.9505902717861,43.9858031778175,41.5404803508041,-0.717466432658096,-0.171226402433307,0.648065871018147
51.1239349711641,42.6368762849545,45.0317154991302,-0.641881605360204,-0.186238428213725,0.725356659988909
54.2769583159984,44.1605401332333,47.3357223193687,-0.544565621593369,-0.201224399556488,0.802695912515816
57.9474421959741,43.7408809275590,47.0821318597913,-0.424452162932340,-0.214854003886931,0.873369950622619
61.2952049630248,42.8233466642994,50.7436626045358,-0.284560499645618,-0.225527484508863,0.929189129807977
62.9901513799806,44.0415520102049,51.4271546703533,-0.132872085300010,-0.231921969823054,0.963085350990230
65.4405878609343,44.6459795356208,50.4484521506387,-0.0155819024386311,-0.233605410070443,0.972199412867423
69.0690875108969,43.5082946952745,50.3623476365398,-0.130538212370219,-0.231520306889748,0.963521805240834
71.7272580156262,42.9154737164394,51.8422510935215,-0.234027242866798,-0.226767096958809,0.943740294604153
72.2067922308466,42.7400056765765,52.7377597313675,-0.324563241170429,-0.220234882032771,0.916555070109982
75.8403644162237,42.6408719932536,53.3089281951521,-0.402248717394607,-0.212704978583462,0.885217749154275
79.8013446159267,43.9531429560639,54.5715663276970,-0.468143316334529,-0.204772912393439,0.852206741016918
83.0502362851544,43.9058932221603,57.1746626209329,-0.523730832233654,-0.196846545401935,0.819219451326207
85.8367150178236,43.0075170496337,60.7564784977217,-0.570571024920974,-0.189180107866871,0.787313914257838
90.0287555806534,44.2376015423114,60.7486870935699,-0.610114053175111,-0.181916163784291,0.757083440699640
93.3675587944355,42.7819117416942,66.2792875888281,-0.643623765308342,-0.175122289364287,0.728809263657975
9.43017724742904,46.8918076300369,0.870930095230397,-0.116990934450085,-0.501360291386205,0.854540636960334
12.9162408985292,43.9997314197298,2.57228018167110,-0.200327043501880,-0.489551144550821,0.840593443050779
16.8908992505038,45.4828978050495,5.03054119762752,-0.290580815204511,-0.470239673492672,0.816345682221874
21.7394602730954,46.3045650691392,7.21492613458256,-0.385208469901064,-0.442578982775085,0.779697392064433
25.3385302264437,45.7117374080103,7.82010834020518,-0.480400568085225,-0.406519322217388,0.729595158560958
29.5635334270823,45.7411734434567,10.9746576575842,-0.571629882938672,-0.363125716491321,0.666656432551906
32.2893471509879,45.2951011871254,13.5067754506779,-0.654629758176393,-0.314569179798235,0.593341339896889
34.0598028822172,47.2741233984178,16.3919915454075,-0.726386385468057,-0.263709050567652,0.513461359980370
38.1395855257737,45.3336492642422,22.4301994535149,-0.785655274553860,-0.213447434952497,0.431230817663625
39.4645463943220,46.2603159028472,25.4520275072695,-0.832829187448768,-0.166172383207084,0.350344872094808
41.1734986171616,46.6709226305087,30.2848537822707,-0.827658706961427,-0.172327624194788,0.380285142986161
42.9529418070588,45.4301100636306,35.9540372090955,-0.809137031383406,-0.187575049609624,0.432194922450836
46.3370277449043,46.8608338245473,38.1130420393904,-0.781720483224543,-0.204597052162547,0.490756797804704
47.7689946573175,46.0570458112161,40.9674445083845,-0.742772844110513,-0.223468716387124,0.556113663214199
48.8547917717009,44.5116754590931,44.2861915136757,-0.689056184004239,-0.244022302834838,0.627593276080845
54.1612639100260,45.3248968089276,46.1965648870714,-0.617033530227972,-0.265661654969512,0.703090971178089
54.5655402199310,45.5857452717039,46.9062989230667,-0.523721744018993,-0.287168477902028,0.778408410003559
57.5566946776666,46.2122559099564,49.8987439314044,-0.408246318431736,-0.306649823350377,0.847028171306490
60.2113438687063,46.2720831092149,50.3307183525504,-0.273672316010323,-0.321855896712690,0.901086445137284
61.5565778372682,46.2595686876469,50.8382543853644,-0.127774815494327,-0.330947530069433,0.933861286815462
66.3397112876383,44.5443183135793,51.6837159350137,-0.0151086294111753,-0.333339778525664,0.942670556475804
68.4113725377021,44.4813157158083,51.4489072680230,-0.126573342534174,-0.330364471437329,0.934256516000190
71.2597653191040,46.7783266841807,51.4191699680003,-0.226919074774042,-0.323581948955562,0.915075834143148
75.2464008371067,46.3606746428484,51.8033852336750,-0.314705200513674,-0.314260901655883,0.888716313284917
77.4008938328997,46.0316649994725,54.5487590852525,-0.390031116301201,-0.303516217500856,0.858330808631454
79.0902012497895,46.9388691635941,56.2629991787525,-0.453924282074915,-0.292197673181887,0.826322452116520
83.7362752455058,47.1794763344842,57.7475928277148,-0.507823424423895,-0.280887261249800,0.794337093641909
88.0504942557134,45.0840805354047,59.9570823144403,-0.553240928200984,-0.269947751804156,0.763400631446163
91.5414647713472,45.7354396379296,62.4573235555873,-0.591582906148824,-0.259582574426715,0.734088355636838
94.3242408081866,46.0467712976404,65.4266242160910,-0.624074819398194,-0.249888155989178,0.706672957259720
7.19522124943824,47.9524308187630,3.62606099273480,-0.106739503225257,-0.599569184735985,0.789014886514256
14.2813748989899,48.0183827507492,5.83219567027497,-0.182997495220065,-0.586165206992474,0.777089555001621
17.8658046857771,48.0114623072996,6.92718805336213,-0.265945563310587,-0.564106990105563,0.756100319411949
22.2259874518143,48.7253955965179,7.43595054308940,-0.353459536355610,-0.532293379246947,0.724018172762128
26.9115220239635,45.6571596127841,10.4837038648996,-0.442234099962669,-0.490508243138692,0.679688885454041
29.6760104651105,47.8514250835318,12.0079504271868,-0.528224761436948,-0.439822295137885,0.623426724358107
29.4966067454199,47.6557921469267,14.9003304812155,-0.607504144705898,-0.382636216919746,0.557234015581599
33.9172273102624,47.4811753083663,18.8001339260441,-0.677182963191263,-0.322240234807876,0.484423947455158
37.0129201658496,47.9713460505150,22.9100804563310,-0.735941792024379,-0.262070886646597,0.408790444068545
38.7226730539293,48.2835072945906,26.5603645248200,-0.783975217437037,-0.205031999970100,0.333750305676601
41.7762938901062,47.6281861859692,30.2321931265091,-0.782021128559684,-0.213421664059971,0.363626953350547
43.7559464438763,47.8706453646518,35.9796119590261,-0.766850256374251,-0.233012898254078,0.414522071199230
45.1474268079070,46.5362042780897,38.5160459052218,-0.742701470731541,-0.254787763500962,0.471855070100553
48.7917046011798,46.9647057731714,42.0027664897332,-0.707023221603392,-0.278811573500062,0.535698876836504
49.4665762246194,47.5574899564199,45.1414801192395,-0.656720764523878,-0.304840059141177,0.605318441630107
52.1481540147564,47.7198336877588,47.0075444306062,-0.588468671560453,-0.332093104960371,0.678587121547818
54.3049947978651,47.0025568196407,48.8039461374064,-0.499546040747248,-0.359027805463388,0.751384003626444
56.6226777564398,46.9116230491143,50.4946385297732,-0.389311427160198,-0.383295742870146,0.817433136838015
59.9711758303014,48.3464719774179,51.6482862586516,-0.260882159848537,-0.402153068211924,0.869279584994238
61.4864735807341,47.9640014481191,51.3266311346171,-0.121768463067325,-0.413394894419013,0.900640440859134
65.1130439285513,48.9576611416667,52.2322483083763,-0.0145699903659419,-0.416349675914406,0.909063327474995
68.8747381102984,48.2927295537349,52.6543337583173,-0.122060865424624,-0.412633443343985,0.900949256679290
71.7958665950821,46.9236298425771,53.0161927570968,-0.218829163342955,-0.404161904034587,0.882452386959090
72.6090273247639,46.0812799019728,52.4276075455172,-0.303485618371480,-0.392519684076415,0.857032611643719
77.5989930678157,47.9675278879847,55.8221968140668,-0.376126083463451,-0.379099306269919,0.827730383227303
80.1016419338114,47.6744252398507,55.6772548730938,-0.437741388494627,-0.364962162842668,0.796863159380561
84.1095520765217,48.2997861285153,60.0176650558978,-0.489718967888844,-0.350835176968942,0.766018113669030
87.2545943461438,48.5873162719459,60.2310190087853,-0.533517288336617,-0.337171457527772,0.736184569945008
90.3184943285679,47.6959917975332,63.2299267026145,-0.570492333134393,-0.324225093127518,0.707917308598999
94.1018469562645,47.9751681188933,67.2691970946563,-0.601825874392886,-0.312116523329761,0.681479298944885
9.03632188087450,49.5199562255800,4.59323752473301,-0.0971542159809458,-0.671109511572483,0.729510046133566
13.9850409490874,51.0580766891345,6.92812701217434,-0.166766616552771,-0.656903573988384,0.719357290481284
17.3119608516632,50.1385503747855,8.43859324687099,-0.242818360494508,-0.633385140187725,0.701257953568955
21.0105905716913,49.6709708142764,9.98893773939026,-0.323568755912506,-0.599232770813360,0.673264860830060
25.5512622982901,49.7310794304641,11.1010124616617,-0.406181770227296,-0.554028526677144,0.634144126739259
30.1698028549988,51.5516604672094,14.5865497904031,-0.487067466056144,-0.498729689265548,0.583936182999352
32.7486257222879,50.5034091026699,16.3940876287400,-0.562619681190851,-0.435782077621541,0.524219171906543
35.5634157717722,50.4333944363925,20.7876589154034,-0.630067092490318,-0.368704260024801,0.457842373195157
37.3213004627119,50.3665848615667,23.8936735229369,-0.688021258187754,-0.301296984511989,0.388211799846740
39.1431796708984,50.4605062982054,28.6885949337330,-0.736497802777702,-0.236869086560548,0.318493372065018
43.3151485689828,50.4748456994508,32.1873743754937,-0.737088739523494,-0.247375911463701,0.348150451226920
43.5502467024769,50.1021431998401,37.0647275060486,-0.724668326085436,-0.270786051842094,0.397911029628180
45.6753193925750,51.4663146970531,39.8192972728758,-0.703285524804862,-0.296697288561432,0.453874335713490
47.6371810534947,49.9054989747682,42.5944046737288,-0.670469385407393,-0.325142460148259,0.516030789971615
50.1528141573825,49.4222917281004,44.1581863577566,-0.623273974526222,-0.355785215973169,0.583568384532687
52.1690206906149,49.7668411771949,48.5316761527051,-0.558604144427145,-0.387666506915910,0.654328783583761
54.0035235307553,51.0434150701620,51.3622865452871,-0.474031183841455,-0.418964370787256,0.724274077690144
57.7342025862173,50.7222587259356,50.9279117859619,-0.369174732388134,-0.446978289295370,0.787402268917438
61.0793130857942,51.0346118207149,53.5083971740658,-0.247206108392897,-0.468623236329418,0.836727229491476
62.7496935071742,49.9257198653913,52.7790600229240,-0.115326202700312,-0.481477384328552,0.866471370120809
64.7674779969616,50.2177914314150,52.4373572778662,-0.0140152345252323,-0.484849940030942,0.874450525556439
68.2556211527387,48.6455943777166,53.3715648934879,-0.117413369007971,-0.480522291318468,0.866645399931788
71.9610852219970,50.8535195703595,53.5438843193165,-0.210497191019496,-0.470656965214610,0.848852802915577
75.5924034662904,50.0110524709644,55.3377971108063,-0.291930331433440,-0.457099299687071,0.824400891577570
76.1494227177951,50.1418730465117,55.3533462352526,-0.361804993579116,-0.441470923466094,0.796214352461664
80.5592370831786,50.9078378389824,57.7495232468311,-0.421074281249631,-0.425007855186150,0.766522405487822
83.4024958792966,49.8783441097866,59.8281805908288,-0.471072801973893,-0.408556615639366,0.736851792211429
87.5525808017570,50.4417152600177,61.9984517961848,-0.513203490977073,-0.392644861806242,0.708154167744338
90.7064916680443,49.5227639217899,64.7713072339522,-0.548770702169823,-0.377568486427071,0.680963189082030
93.6415974357342,49.6715707303471,67.1953670758351,-0.578911211409304,-0.363467744478829,0.655531812919359
7.10424944107177,52.8579584256335,6.81369662095455,-0.0884928570079769,-0.723909911993744,0.677632906447949
12.4328809279891,52.2552106627943,9.12764234359536,-0.152081215267697,-0.709435056627232,0.669002516583403
17.4265919250761,51.1721079994206,9.36851670131776,-0.221856976752130,-0.685336720808963,0.653410356215571
21.8535115204646,51.9943363656747,12.6912731736545,-0.296421985601864,-0.650105668661899,0.628993889898132
26.8270986805253,54.7522357468903,13.6368430209402,-0.373366241586936,-0.603102752985136,0.594455349974859
28.8781473712129,52.8188901682513,17.0638293676968,-0.449515936532911,-0.545086916543950,0.549588964556149
32.7720028720023,52.5967070898903,20.6509639542381,-0.521557620184147,-0.478411161912148,0.495583593210052
35.9728752731766,52.0974166234459,22.3055014031100,-0.586821032900214,-0.406669492038038,0.434862044456510
37.8606573652415,50.9690676431803,25.8085089696417,-0.643843836574398,-0.333901242056487,0.370479398381805
39.8235458688476,52.5331070640006,31.2997728406888,-0.692470751009414,-0.263744206049775,0.305384522945728
41.1650846452148,49.9614578445069,34.8831967356738,-0.694911359484346,-0.276192324865087,0.334728924614720
44.3074343952050,51.6859232518572,38.4781071419194,-0.684563425554867,-0.302932079926373,0.383333730444485
47.0048111941677,51.2605304441117,41.9731423075584,-0.665336036211086,-0.332404970418639,0.437886584031947
48.2365689298788,52.2539933382208,44.2717177065662,-0.634840177526584,-0.364589119384466,0.498284884611726
50.3428935760270,53.2835222219530,48.2988527976496,-0.590286742531224,-0.399040061021106,0.563627840989789
52.6129242453914,52.8373881859482,49.2795916657505,-0.528828088659886,-0.434623501218615,0.631717679805238
55.6661279373071,52.0696956560102,52.3166004307260,-0.448351650989106,-0.469281589325228,0.698604611497098
57.0751304326218,51.1233980524553,52.4130824099447,-0.348757534629412,-0.500060583343093,0.758586199421638
59.5177277684996,51.9980939300584,54.9327115123222,-0.233268596804226,-0.523679365740190,0.805188617536212
63.0272895089101,51.4761657576119,54.5641290026166,-0.108742208723973,-0.537638813467437,0.833184189743594
65.1176122519104,52.7682138896217,52.0015318485839,-0.0134740083705967,-0.541292124114607,0.840681879408280
68.9239375498679,51.9561319266642,54.5559312552921,-0.112879218252478,-0.536460686652024,0.833178164232428
69.9737473875546,53.5580236742582,56.2750219239971,-0.202368423352285,-0.525446921606493,0.816072663735846
75.2269816537347,52.3307268543831,55.9237262573944,-0.280656861095232,-0.510310985793097,0.792565011584021
76.6891224332685,51.2095402692324,56.9168100745883,-0.347833174195697,-0.492863284426825,0.765466951733355
80.6588686642565,52.4880173227086,59.4016229050492,-0.404813660448287,-0.474483723117348,0.736921618343137
83.3748196389783,52.9985225528185,62.1657155098841,-0.452881388857918,-0.456117367543439,0.708396794807212
87.6877560162543,52.0278773597370,63.8867490057564,-0.493385117515890,-0.438353300108119,0.680807386182641
89.4373614994779,52.9188191182125,66.0292571570460,-0.527578830112502,-0.421521858915366,0.654666441238691
93.2586650149346,52.6960716652931,69.3429550786540,-0.556555403644373,-0.405779626256188,0.630217148244363
9.85590375764307,55.1464550565557,11.1601027851425,-0.0807372376888374,-0.763649547421589,0.633117198337236
12.6239099582633,54.5776576277808,11.4414284033043,-0.138918313695270,-0.749273683756954,0.625800107781829
17.3530229868383,54.7367815201544,13.1416804474673,-0.203044397869007,-0.725213414523597,0.612389714874690
22.1223269277404,54.7314832340460,14.4492529103391,-0.272023572553622,-0.689801264961784,0.591107552347918
25.2475401833120,54.7361141232724,17.0547183041840,-0.343833122088079,-0.642166844948210,0.560603566355438
29.4711703287187,53.6743100659589,19.4223076896580,-0.415681232888942,-0.582807306609834,0.520447925267619
33.4151165946305,54.8242843539760,20.6132352880163,-0.484521645778112,-0.513873353205701,0.471467502067703
35.3031635904298,53.8865476903988,24.5455062020017,-0.547767546768085,-0.438910656807220,0.415686656325054
39.0562760966203,54.9412544104037,27.6243752427547,-0.603871374776914,-0.362097762205248,0.355837666044032
38.5959153605974,53.9057408801860,32.7093055821905,-0.652503139492198,-0.287347884984005,0.294681008882455
41.4258082397124,55.9291093206585,34.9304293624497,-0.656191099169217,-0.301547988280810,0.323681680334292
42.9351454726213,55.4956772708731,40.3870720689290,-0.647288219091201,-0.331186925024364,0.371180369436361
45.9967175172361,54.4075426464917,44.6589835117243,-0.629624404293029,-0.363707218984377,0.424351849658684
46.8468037374036,56.4905872519350,47.0945029333848,-0.600899011108291,-0.399010839744685,0.482990681218451
48.6893666075239,55.7503828414095,50.4097473617371,-0.558491626381396,-0.436529944746577,0.546097297897688
52.1098019142569,55.5216148751340,51.4059544493976,-0.499820417961185,-0.474959512745227,0.611429606119712
53.3868671108569,53.1806965647023,52.7265811024314,-0.423109576025650,-0.512048977636523,0.675133227694058
56.6213643117030,53.8262939414719,53.0302298510419,-0.328551814212705,-0.544686735761257,0.731828236023465
59.4896404060797,54.2770724773447,57.5497440225469,-0.219413904316959,-0.569530826981641,0.775585085537247
61.2654847752713,54.5767421977900,56.2192693979199,-0.102181846666436,-0.584130814072218,0.801752958348104
65.8139327650424,53.7896560547734,56.9927732082480,-0.0129621637419559,-0.587939109910881,0.808746430614159
68.4549684851276,55.3629616397625,56.7867876524788,-0.108591212786058,-0.582691313176377,0.801527763228242
70.6431234833156,54.4207275106940,56.6137723012427,-0.194680941821147,-0.570728413793296,0.785072058865711
73.0520174757645,54.7065997051205,57.5797077817548,-0.269995393260890,-0.554288106917684,0.762457404933490
77.0533812146982,54.4000605864180,57.0743024522777,-0.334619842499715,-0.535336813236742,0.736388734110919
80.3337490309665,54.7682896399987,59.8941257145279,-0.389435779419727,-0.515373354624589,0.708927768131398
82.0107653242461,55.9366411060791,62.3117890826096,-0.435677532371964,-0.495424239780005,0.681486532886962
88.1628335583527,53.3745199935943,64.4208410891040,-0.474642623426092,-0.476129316519479,0.654945178428861
90.9197822595259,54.0697255755165,68.1772827541848,-0.507537400498509,-0.457847390526982,0.629797264058230
92.7096632895005,54.4621654545195,70.9526724378874,-0.535413224861256,-0.440748537901357,0.606276739916422
10.1324635786301,57.7836403393248,13.5205381367210,-0.0737722737042553,-0.794206448535789,0.595062355153119
13.2813839122105,56.5213802831876,13.7944831638644,-0.127087248702072,-0.780194675923686,0.588894084683402
16.7329996708478,56.9200237664031,16.5712242608947,-0.186116991607761,-0.756625317604950,0.577406919341022
21.3316375065524,57.9026354036419,17.4719524561375,-0.250045767250382,-0.721700459217707,0.558905725761888
26.0966699248853,56.3575006205638,19.7809226264545,-0.317207156349200,-0.674315547263651,0.531998252237617
28.2019692957237,58.1779355824653,22.1546283961221,-0.385166357690308,-0.614657160057024,0.496048675298519
32.0955401852708,57.6135913290275,24.5332764756575,-0.451127782584451,-0.544581038881299,0.451541047322595
35.1670117306881,57.7957783235968,28.3397769716294,-0.512575924594479,-0.467474643512217,0.400117063264630
37.3353515258608,57.3279372198542,31.4739812424579,-0.567865310964129,-0.387566976885934,0.344200817091847
39.9186409816850,56.5418868280350,35.2406337720403,-0.616478737769999,-0.309003593270664,0.286382666377070
41.0839118256605,56.0602262787668,38.3569926597313,-0.620925719992097,-0.324777382895701,0.315055102593538
43.4339657229372,57.4625529562447,42.8657903028040,-0.612927233367575,-0.356947567150192,0.361539121588674
45.8544992546109,57.9122942768508,46.8056363075282,-0.596299175251272,-0.392061868017093,0.413397493018387
46.0800689730417,57.9192105638876,48.5965117620769,-0.568839735096660,-0.429925453738794,0.470312228790529
48.5624765836778,57.2710117965843,51.7088826970350,-0.528112823770476,-0.469833647274389,0.531176873403419
51.5709657073796,58.6583575477655,53.9736369518653,-0.471822257372173,-0.510318190363742,0.593704004283168
54.9027802146923,57.4878706478024,57.8208869398800,-0.398546572576396,-0.548981557932342,0.654146151034614
57.5020841317333,57.0174600665622,55.8855468516429,-0.308775623720994,-0.582647604741365,0.707468948793894
59.3425849352559,57.4240266241150,57.2141642684809,-0.205805787533217,-0.608037972414225,0.748310726335841
63.6517452637768,56.8470722774427,57.5635625593679,-0.0957269560290050,-0.622860294539446,0.772609700367717
66.2692006938013,57.8898728351175,56.8305654659636,-0.0124868026456496,-0.626710598985699,0.779087293641045
68.0687934272917,58.5852506137414,58.4222109638361,-0.104608850042705,-0.621116737683744,0.772133356257831
73.8052711099896,58.1719173403243,59.1006285609410,-0.187541412667190,-0.608364948065407,0.756281131516603
73.8736408374749,57.5384576866245,59.4621008875204,-0.260093859173434,-0.590840489501857,0.734495824204269
78.0603317429911,56.2512054923878,60.9746053399371,-0.322348337653524,-0.570639457772334,0.709383169073843
80.4176118745149,56.8305110898862,62.5338954718161,-0.375154011133875,-0.549359514162961,0.682929278390818
82.3692415790538,57.6622838609535,64.3259956118762,-0.419699941473769,-0.528094860217115,0.656494394858139
88.6207670251248,57.2785684151754,66.1835777315174,-0.457236066749505,-0.507527538346283,0.630926390806947
89.7205172774817,58.4457970628176,68.9364389912389,-0.488924494511484,-0.488040015580351,0.606700725250868
94.1714849038060,57.8685332578313,71.7704021838858,-0.515778029486956,-0.469813583641510,0.584042768683760
10.0866519282155,58.7805272754103,18.0961030415001,-0.0674633778863586,-0.818202151847387,0.562461484562732
13.9184060860562,60.4338629021265,18.3064412419273,-0.116361592334438,-0.804753649657953,0.557314404628037
18.2085095885003,60.4623697695773,19.7540442999887,-0.170754307276258,-0.782021705867193,0.547549045098604
21.9561373785417,61.3280423401476,20.4695098109540,-0.230077037557882,-0.748105841593373,0.531554411445074
26.0826656806035,59.9957427376932,21.2103275283277,-0.292995825198259,-0.701671639582529,0.507906837676626
30.8659393859478,60.1378944076712,25.2705505393422,-0.357417494303411,-0.642558538372784,0.475781062372263
32.1056077124585,58.6671548630062,28.3932494129201,-0.420791696740001,-0.572245516274327,0.435331629110864
35.0709851804347,59.5592108862516,31.8431321506880,-0.480671275055789,-0.493855982964094,0.387821995488915
37.3108644689703,58.7326427958829,32.8811527885962,-0.535303003106480,-0.411579182368145,0.335368011116492
39.4260679519256,59.8091101482871,38.3604838056613,-0.583964651633845,-0.329749602955582,0.280395205648464
41.5155373139149,59.3039017471639,42.1250331682026,-0.588780973648884,-0.346938255545354,0.308784885373978
44.1294780188940,58.8970204355491,45.5423866248302,-0.581229502690150,-0.381325153196874,0.354363864556878
45.7724849341386,59.9238940109122,48.5499362401439,-0.565179867246053,-0.418629061426400,0.404991316386610
47.2475623993471,59.2549221950491,52.9528065748257,-0.538543115243790,-0.458538710953021,0.460227136260878
51.4186113825479,60.9417071010039,52.8550756863409,-0.499086645173102,-0.500202255947995,0.518852355084859
51.7289726518475,61.7093889867773,55.9526491763605,-0.444820913509716,-0.542001036915482,0.578538346512758
54.5745478485808,60.0496117740679,57.7807568659689,-0.374692526897758,-0.581441468895991,0.635661841154736
57.4039263197618,60.1532904042244,57.1074509188263,-0.289484205927743,-0.615375393348954,0.685558701953730
58.5817180184076,58.3608062049033,59.9270793429299,-0.192499617791942,-0.640700827468652,0.723451892204241
61.7945330939422,61.1253974076133,61.2553733782620,-0.0894088711252978,-0.655374144528927,0.745867900797900
64.3278677790106,59.4284216624291,60.0041682347630,-0.0120498748649257,-0.659166647913111,0.751826121036596
66.0790410267307,60.2402010084232,60.2189294546795,-0.100948464434772,-0.653283092075268,0.745115510028785
72.8512424566824,59.7664437315396,59.8520201294792,-0.180979120016634,-0.639870913581372,0.729817973110555
73.5816060783816,60.2023317513092,62.1712024541462,-0.250992871843572,-0.621438899464293,0.708794959096713
77.9456652991678,59.8583683458195,64.0165055852437,-0.311068993550168,-0.600191697979131,0.684561025043699
80.4817843972098,60.0320358901884,63.7865599050261,-0.362026934958655,-0.577809709993811,0.659032786833581
82.9538124032336,59.0762368357250,65.6633099534175,-0.405014151267742,-0.555443803492147,0.633522890691461
87.0845876831198,60.0336380083592,68.5628120367724,-0.441236843763357,-0.533811342454966,0.608849540907230
90.8951541584265,58.7367861408773,71.7654190587770,-0.471816456498016,-0.513314601090548,0.585471559629372
93.1982491499483,59.8406289244715,75.5773160857174,-0.497730354980915,-0.494144259845344,0.563606431375448
9.50848355793805,62.7478701529170,22.0295799511904,-0.0616855106912320,-0.837420618778312,0.534394685123085
14.3616921450100,62.3790419636838,22.2745717245666,-0.106529359707592,-0.824689692178512,0.530168827152469
17.8338110649454,62.8623740780371,22.7861657842092,-0.156652742833614,-0.803069429069440,0.521967690144080
22.5639511704049,63.3097947260606,24.9906084492411,-0.211720838445517,-0.770586372925055,0.508267469325710
24.9116233155419,61.3265996368355,27.2140530338842,-0.270713560495203,-0.725688853354285,0.487626048768366
29.8113040273346,61.4375099150114,28.4068115838139,-0.331872192399235,-0.667845044445920,0.459046277015918
32.3717277263960,62.1059779026637,31.7297302944870,-0.392897536958674,-0.598084425985136,0.422363739220815
36.5350307718544,62.9443646493244,34.6835285828002,-0.451419463487927,-0.519158992195925,0.378458973191647
36.9096684834074,62.8783609849766,38.8106158783231,-0.505573702984338,-0.435117095662694,0.329124862849459
41.3649148635927,62.3175258502197,42.6363572691576,-0.554412987409230,-0.350428215920422,0.276612421651288
41.6695904910077,63.0658822780795,43.6303184693647,-0.559283293634510,-0.368891136261686,0.304781338908979
43.9907849333103,64.2648163191100,49.3717665794623,-0.551788160687600,-0.405217442377391,0.349565380906063
46.8615408025395,61.7385589640583,50.9916996081012,-0.535921852465309,-0.444336620117787,0.399038457994349
48.7384988000193,61.9249305097830,53.1162483903038,-0.509726031942403,-0.485803111019377,0.452629459921997
49.3963513575643,61.1378015376389,55.9757250421841,-0.471194125751485,-0.528612605272339,0.509004908339454
51.6924368764064,62.7086870499270,58.0134064056902,-0.418664489892236,-0.571016945725093,0.565805726059112
54.1070395331911,63.2376332888527,60.2194740082572,-0.351460049220939,-0.610484845073614,0.619557095220477
58.1996486318244,62.3045977925226,61.0109700823900,-0.270641769965137,-0.643988375198476,0.665991763584705
59.8189236939477,63.4738377247858,60.9557130829114,-0.179489502837481,-0.668701686170558,0.700927499865216
62.2460297548767,62.4165498505270,62.2524146832504,-0.0832301229491163,-0.682900103962760,0.721466385299818
65.4288108834091,62.7967619344306,61.1445421916094,-0.0116504984531835,-0.686547967587969,0.726907885632540
69.0390931098607,63.4129051980629,64.1545418725440,-0.0976026674079334,-0.680420012972168,0.720419688531507
71.0177307089680,63.0721288916458,62.9387831878944,-0.174980817763480,-0.666450702001924,0.705629167285339
74.4133145686476,62.8543465435025,64.9218165873610,-0.242674060764336,-0.647253034961736,0.685302931951356
75.4212937628614,63.7429798402741,66.1578354923478,-0.300759042630268,-0.625123239647072,0.661872198075355
79.9339620396232,61.8705516441024,66.7057054653473,-0.350028053654198,-0.601811519597902,0.637190057960756
82.8958549083704,62.2300002174770,67.9594055540275,-0.391590518221648,-0.578516549045928,0.612525651991717
86.6055747013047,62.8387591070150,70.2546357060408,-0.426612659747672,-0.555985490767991,0.588670066210262
89.9617843769029,62.3161644267055,74.7709199002124,-0.456178753575012,-0.534637329160500,0.566066915740291
93.7748153766515,62.1507131165030,77.0217241331209,-0.481233771786840,-0.514670665401750,0.544926476876275
8.15693751151508,65.9391028608826,26.8974247278997,-0.0573399434043674,-0.847589418929339,0.519173528651903
13.9304174165900,64.9566892187117,26.4003758948360,-0.0991444982812741,-0.835713947500574,0.515691302069833
19.0605786689534,65.6788464776507,25.5051166504974,-0.146091700361926,-0.815470801605966,0.508753578157665
20.8444468342036,65.2161002479146,28.3957396543100,-0.198046946140379,-0.784862629061558,0.496904780007465
27.2887797872784,65.0141553142990,31.6619629562594,-0.254266846946112,-0.742160712219297,0.478677417542143
30.3802456756074,65.7286006034926,33.2978417575457,-0.313290937342452,-0.686468252258140,0.452907750252745
32.5492896786554,65.5956759407888,37.0789965159565,-0.373041705687363,-0.618312970449627,0.419122545655677
36.5122954715883,63.7838316129965,38.6551519416334,-0.431198765052672,-0.539964726359234,0.377826443338175
37.8711539324727,65.0915520214757,40.0835904657550,-0.485750740459202,-0.455200702050060,0.330495843019602
38.9395040065124,64.4999067906663,46.9890197784300,-0.535477184165238,-0.368531338556038,0.279225816589376
42.5557951376146,65.4523137969093,49.4296014965854,-0.539934029476335,-0.387770578495792,0.307520123908839
45.4203536770250,64.7888248896744,50.6327822563753,-0.531774066448482,-0.425217067761587,0.352094715625432
45.0825196855330,65.3514700092044,54.8623910048990,-0.515273624785808,-0.465174966933634,0.400984435701073
47.0549726963951,66.3656596304785,57.1901792759344,-0.488616613710882,-0.507060159548774,0.453472074953372
51.0077032906522,66.7241995276823,58.8151319131952,-0.450038509171243,-0.549737174750238,0.508098713478523
52.4054671475794,66.0016339556202,59.8213225710900,-0.398220118154344,-0.591389825218444,0.562471761345721
53.7478313098118,64.0843014701306,62.0209586571907,-0.332864866736829,-0.629556426714140,0.613267066923005
58.3289013414931,66.5365562109944,64.1597416313060,-0.255303339266659,-0.661465929113700,0.656609018845497
59.8042218890046,66.2228545618600,64.3123156022617,-0.168785767077286,-0.684694700988311,0.688884132727313
61.9656331850274,65.5655477402109,64.5436300183867,-0.0781188798123920,-0.697911622889798,0.707730459531712
64.8975391982235,67.3071750130479,65.4021096451535,-0.0114228513773209,-0.701281482771936,0.712704334149257
67.8123473998200,64.9940356172371,67.6657210184705,-0.0956955419814042,-0.695022020502422,0.706342914379134
71.8947848541455,66.7977437863561,66.3426584862572,-0.171561747613309,-0.680752924134790,0.691841395266712
73.2413069019751,64.4775978071996,67.6733888306756,-0.237932285934470,-0.661143269684855,0.671912328178849
77.6489968054185,65.0450116735209,67.8833185020441,-0.294882305521625,-0.638538562651448,0.648939423474160
81.2715582234136,64.4247536652432,68.6757266775650,-0.343188615564536,-0.614726566441655,0.624739564615225
83.0612489690889,65.8128886759915,70.9719487378233,-0.383938962645130,-0.590931679178044,0.600557093382224
87.3844087430970,65.6539513255821,74.6061393464877,-0.418276782539691,-0.567917097963735,0.577167638244703
89.2485831320250,64.8418229768933,76.8562709742471,-0.447265164191751,-0.546110798719773,0.555006146226553
94.6700028986504,64.2372202015420,79.7721759416835,-0.471830615227160,-0.525715644662384,0.534278784889578
7.65223245839708,66.0523877292543,31.0984103018194,-0.0600449006214857,-0.815789439460550,0.568739203281220
14.0493118025084,67.4475815553406,32.7701026225047,-0.103885713259278,-0.804856654200053,0.565273683263122
18.2585642996666,67.0628551741723,32.9005048534494,-0.153254837512107,-0.786268262284921,0.558313178224648
21.7433532691352,68.7393453547014,33.2167501418339,-0.208139561130643,-0.758147692343550,0.546312846509121
24.7026096194883,69.0724207727546,35.4093798364192,-0.267918454819611,-0.718761050432132,0.527639846905207
30.4190744550702,66.6087484397546,37.9347147556774,-0.331197448800914,-0.667011450722548,0.500876501366752
32.5965380210331,66.8125684204812,39.5809292040230,-0.395831403792517,-0.603024416784357,0.465238488044936
36.5900557840524,67.8273200607306,43.3755976374781,-0.459239262711771,-0.528567644479261,0.420954936496877
37.6821790660053,68.9683484589889,46.1873860410355,-0.518973819781311,-0.447001091848607,0.369385406886393
38.3329993138217,69.2130371936410,49.0090644631388,-0.573312819443939,-0.362659274633879,0.312743293668415
43.0055758585481,69.3868570587244,50.6956644865167,-0.575613584394386,-0.379960868322441,0.342961705244897
43.4012677280117,67.8933662013380,54.0710395074243,-0.563814013930904,-0.414374558390017,0.390526018397021
46.4414375261525,67.6843876388272,56.9784096285736,-0.543116603175522,-0.450656027520575,0.442144713112619
47.2783462981038,67.3834736016139,61.0518697391874,-0.511809782855650,-0.488172739737973,0.496904186184171
50.5865098748989,68.6512225968512,62.2917863304101,-0.468336807049250,-0.525820364249042,0.553144327107409
53.0926191889554,68.8223177327443,65.6027189496431,-0.411699233672550,-0.561958690892714,0.608330147347232
55.6493660299408,66.9863622765144,65.4253664534840,-0.341990290779543,-0.594503152180412,0.659139313260036
57.7390875312886,68.0986171718776,66.6236256948514,-0.260882134013925,-0.621253723362506,0.701901936899881
59.8948334212291,67.7854324086302,67.2337156519143,-0.171765956658809,-0.640430371681335,0.733380243721077
62.7173806495496,68.6922054215265,68.8916016268749,-0.0793049144013475,-0.651205720248319,0.751612051417618
65.6046732599565,69.1255899440004,68.8352237991619,-0.0121231056936241,-0.653918561354930,0.756395201670026
67.6197092086913,69.1700884429761,68.3597480099741,-0.101561959578020,-0.648081848618760,0.749643808196780
71.5851810345233,68.6004711379166,68.3753116421403,-0.182078986287818,-0.634776453855340,0.734253303399786
73.3143092885641,67.8755043820597,69.3869836698343,-0.252518233410270,-0.616491189889887,0.713102526006222
75.7493154649984,67.8283540489078,70.6553737107217,-0.312959456350437,-0.595413152231302,0.688721314816041
80.6012817124200,67.2710103529549,73.0960068490640,-0.364227084981401,-0.573209362901304,0.663037933580764
83.9073085369041,69.1419568287787,75.3141065494082,-0.407475547943174,-0.551021527019027,0.637373005883923
87.2934885654577,67.4917922707653,78.1177041932749,-0.443918376981191,-0.529561297129082,0.612549708496774
91.9896336063580,66.6526055501958,80.2776994418335,-0.474683831511465,-0.509227744653515,0.589029651972371
95.0988059798047,67.5488689410036,81.5768995361017,-0.500755216796673,-0.490210031898425,0.567031642549174
10.0410343671831,72.3056869275310,35.1456024179792,-0.0629601040762389,-0.776349891470853,0.622210289821803
13.5805016751407,71.3471076681956,35.1085443985750,-0.108973961702409,-0.766258955999301,0.618671909773778
18.6386206112111,70.8514356495895,35.4224196034986,-0.160893089007001,-0.749176341748314,0.611555383488736
21.5995370693733,71.3082807837904,37.1272206482405,-0.218813177242327,-0.723373785012038,0.599231958998596
25.7017202781896,71.4555938493068,38.7863323831533,-0.282224573050737,-0.687174191839235,0.579915207101892
27.9555894005796,71.4951999446516,40.8330406336691,-0.349799731619100,-0.639375351046796,0.551947617735771
32.5302415100027,71.0006167792044,43.1902777376293,-0.419338881909596,-0.579802247384769,0.514239270320936
35.9898011269459,72.9723805653745,45.5296934496436,-0.488016014576730,-0.509783469259553,0.466729644916875
36.8287861570027,71.9914289937480,48.1593352695504,-0.552945836747361,-0.432250831391469,0.410630868292542
39.5777198478414,69.1632852010841,52.6937800013905,-0.611871035668092,-0.351283007104632,0.348249871612674
41.0742574480119,70.3837117594878,56.1347146612094,-0.611518441573170,-0.366359540940111,0.380153392615096
42.9876520820507,71.1188493094269,58.3719669701011,-0.595583996896952,-0.397274186712761,0.430419406223278
46.4238321451596,71.5425849068820,60.6348140846921,-0.570295419008331,-0.429479163408391,0.484402032572209
47.9099521875523,70.9170415813734,64.0439734349687,-0.534077756699147,-0.462337949837020,0.541007493174724
50.6887168057666,71.1081507648447,64.6227316958922,-0.485605281817663,-0.494826128158189,0.598409239751498
52.7420486663478,70.8849102017894,66.3724447115896,-0.424200960228168,-0.525516179448609,0.653981774032323
55.5875303650087,70.0917498139021,68.0389626576499,-0.350314368099417,-0.552698703938704,0.704459622588720
55.5340852208764,72.8486515468419,69.8546673616652,-0.265896050107373,-0.574680767280867,0.746412158735978
59.1097838634743,70.9879442708341,69.7247616735486,-0.174412759567703,-0.590205417285744,0.776971492009301
62.4642906096426,73.0045685902146,70.6783544601828,-0.0803502245825218,-0.598818641673060,0.794539414686884
65.6411269713894,70.4326672395297,70.2813879561166,-0.0128078951447208,-0.600956353116447,0.799121172065239
69.1292246152872,70.9390944689992,70.7582055784390,-0.107298819447874,-0.595592367740577,0.791988417318115
70.6331434724572,70.0977694435025,69.5624123592128,-0.192363955521556,-0.583364604244720,0.775728559766276
73.6819308825769,70.4603593980343,73.1739828797649,-0.266782055471962,-0.566560301388288,0.753383053100556
77.0454937046998,71.8664726484038,74.1203608009408,-0.330637379792321,-0.547189417319930,0.727624637368079
81.0242055185155,71.7494544355143,74.0721874266863,-0.384800927353340,-0.526783958521706,0.700490496815602
83.8342708884717,70.4444646516338,74.8924267407187,-0.430492336203802,-0.506393161068685,0.673375852173771
88.0174608474662,71.2656107479690,80.4964697660428,-0.468993686013974,-0.486671039303277,0.647150378428373
89.9538129797444,70.7925264145600,81.8636841205186,-0.501496967405859,-0.467984343032875,0.622301760807156
94.4414069142348,71.8069592768672,85.5556710675369,-0.529041028923542,-0.450506913919631,0.599061165104599
8.85975075157371,73.5504290727790,38.3147481737878,-0.0660584183158608,-0.727685839135599,0.679042194454050
12.0890149514705,75.4105096066412,38.8122088716789,-0.114360364849231,-0.718376388208894,0.675320648740457
18.1488232980994,72.9256077303074,40.3646524107505,-0.168929740818991,-0.702710549690570,0.667884490255216
23.4642281748051,74.3984856354946,41.0545699704007,-0.229953836117062,-0.679131142216164,0.655026685171705
24.9282759924419,72.9554690781040,40.8613973280951,-0.297019145806106,-0.646070860671016,0.634820519669222
28.8441399844932,73.5853660109245,44.6242902459210,-0.368857380382509,-0.602307940212215,0.605387859985636
31.6609694181639,73.3054018939754,45.9670346674027,-0.443220775394718,-0.547467779014566,0.565349554064327
36.1514707749963,75.4049428656071,48.8567749524724,-0.517054447589325,-0.482515919138175,0.514356733505392
37.2301157314426,74.0358720929805,51.6432064812013,-0.587043689113943,-0.409965547997925,0.453457159610535
40.3567938823751,74.4265454610538,54.8115862293761,-0.650381599454304,-0.333571690235643,0.385031405086012
40.3377147350960,73.0123623425252,57.2339279304456,-0.646893147468855,-0.346221625949180,0.418291174505028
42.1763369166212,73.3978291796474,60.0675476653673,-0.626399982094152,-0.373269716868480,0.470866072919339
46.4998019903651,74.4439510193124,62.2063838077274,-0.596227458169934,-0.401123292644829,0.526762542688592
48.3307835386786,74.0833943191057,66.1808152572763,-0.554958444471950,-0.429179737274448,0.584730964374852
50.3211015933118,74.6943939332051,67.3122150359739,-0.501506158693651,-0.456529857118786,0.642817954242970
53.1982824883133,75.0915768645885,69.2299524536541,-0.435498686144856,-0.481975526840665,0.698357313644517
54.8929699716724,73.4303775509598,71.0219785598689,-0.357695884045282,-0.504159705483306,0.748184896948716
57.4517725319589,73.3894693351736,70.2924448144405,-0.270261137590752,-0.521821622536089,0.789127646133744
59.2275683107830,74.5307670430431,71.0290403469826,-0.176679069280588,-0.534113719969190,0.818669804528872
62.6094029143932,74.0692363220461,72.2118494727856,-0.0812345428150716,-0.540844790401213,0.835537469603595
64.4825434636014,74.1762078104638,73.0232579481423,-0.0134616469699026,-0.542488103666187,0.839910616300690
67.4979187466772,73.4574375405254,71.9939353123115,-0.112775659963922,-0.537645991190699,0.832413785225503
70.7630568882534,73.4070203702910,72.6528841074320,-0.202182765372857,-0.526607891341107,0.815323977753587
74.2768771509115,74.5233256311815,74.5932310995433,-0.280399379296045,-0.511438512828436,0.791837892124481
78.5558856146461,75.4140059808749,75.6758260426581,-0.347514063124763,-0.493952260939948,0.764764692728598
80.7700531527796,73.8886762032371,77.4753158480933,-0.404442274018533,-0.475532090173000,0.736245547559009
84.0740389664970,75.0524247425099,79.5356106796292,-0.452465903861875,-0.457125154319562,0.707746893427449
87.5515230667271,75.2616583009632,82.1158966640211,-0.492932473360836,-0.439321837354351,0.680182796033622
91.5342927318331,75.0234873742378,82.5363068095254,-0.527094815768934,-0.422453207260091,0.654065833462704
94.5768351298571,75.3790217621467,87.0335945166195,-0.556044805449414,-0.406676192294802,0.629638970876542
8.60093795363737,77.5606422229573,41.2032112256882,-0.0692778227695153,-0.668167779737383,0.738118931057818
13.0577869933526,75.9822234920564,40.1657879791795,-0.119936158624138,-0.659632732593594,0.734088050794767
18.3894883316724,76.6146026836377,42.5126806109299,-0.177200778422074,-0.645374095517666,0.726146738555000
20.7256594941240,77.1499699811215,44.4961616146240,-0.241331056473210,-0.624024652772515,0.712516738779429
25.9198904861447,76.1120583329497,43.9225421363208,-0.311989780208574,-0.594171235571361,0.691146961083218
30.1084004767853,76.8542538517373,46.9628743001374,-0.387954853690560,-0.554647227969416,0.659963539312673
32.2920142900869,78.2933751956459,48.5509806168253,-0.466932131432228,-0.504972539242273,0.617325516428526
35.7096717944662,76.6492393487799,51.9530388792320,-0.545655103146482,-0.445829842391594,0.562613172110001
37.8132712126530,77.4360015863957,53.1581672434257,-0.620400860669020,-0.379336712365895,0.496708685879238
40.2237301052037,77.4986444550536,56.1130082684970,-0.687821436119632,-0.308867485580783,0.422053142441243
41.2587487438521,78.7498151303501,61.0856349553873,-0.680790714431877,-0.319014784607996,0.456271452983383
44.9713884281847,77.0721590947785,63.1801288020502,-0.655451829908519,-0.341969479349149,0.510681313066856
46.0192060469114,77.7899064572297,66.3419237135640,-0.620259345562700,-0.365354761391190,0.567988774141595
47.9689463240689,76.2885390739676,68.0982908007198,-0.573960692755852,-0.388630107467999,0.626817773659023
49.1445633184605,76.5719043364789,69.7627605718089,-0.515699240048107,-0.411021890667076,0.685128040182127
52.2701094856359,77.5348573858423,70.9394406517958,-0.445376517178566,-0.431559815335780,0.740255554074840
53.6824124799219,77.6930999682539,71.0659680078411,-0.364008050058061,-0.449201009624347,0.789168070886766
57.1089784013479,76.8958835976453,73.1050738811593,-0.273906597112493,-0.463037867199763,0.828952553717954
58.9441698268901,77.4934050006420,73.9697516850819,-0.178527370013522,-0.472529563007480,0.857416822134583
62.5506257844027,76.7354321222597,74.6114502183820,-0.0819423312184420,-0.477656587522362,0.873568626607583
65.4845627970322,77.7330170094421,73.5900735246445,-0.0140678213611058,-0.478884620406422,0.877731568494684
67.8228417143610,76.7117396520668,74.6113586143668,-0.117853918008721,-0.474610216637716,0.869897157105355
72.4511607196224,77.4746570430607,76.4778671128491,-0.211287001651350,-0.464866267930348,0.852037800137510
75.2610052276511,77.5555480312344,75.5739768868684,-0.293025688945862,-0.451475408256655,0.827494142304215
78.4047383316811,78.4199225336165,77.3585023331044,-0.363162529179485,-0.436039314743529,0.799201843923014
80.9406119918318,76.3860547059188,79.0209283876154,-0.422654202304732,-0.419778798750760,0.769398489213578
84.3731247705897,77.4446247081416,80.0967890507635,-0.472840323457549,-0.403529965957104,0.739616548248176
86.5911041506781,75.8924920803406,83.4192063492775,-0.515129091843836,-0.387813981349806,0.710811246862436
90.6768099122663,77.3750842299750,85.9441965632095,-0.550829755466091,-0.372923097172119,0.683518244396704
93.2145662631977,77.9010666289276,86.8654081099566,-0.581083355500425,-0.358995842783057,0.657991446669599
8.74187714753395,79.6142829683443,45.3179413719692,-0.0725114839778209,-0.596379094226602,0.797580288231070
14.3179460559182,80.3039135702489,45.2444454029484,-0.125516455626682,-0.588676974648570,0.793111399459968
17.0310189639906,81.4509230671070,45.9955578848670,-0.185432896067857,-0.575913162010574,0.784478511752602
21.9053672821269,81.7926606753594,46.8792528835729,-0.252571356659455,-0.556925302121793,0.769841749067690
24.7136390737062,80.4696684524342,47.3694359862743,-0.326648942332002,-0.530489546550764,0.747045056353908
29.8388297963325,81.6566899737357,48.4176855740458,-0.406473682404038,-0.495555622558689,0.713849550458047
33.4590392920614,80.3411869200047,51.0186150259915,-0.489704395906470,-0.451619122439801,0.668390049193676
36.1629777927309,79.7688809623451,54.0976669325765,-0.572883300677003,-0.399154836558680,0.609808316106651
36.8547944713223,80.3849564613454,57.8090264713678,-0.651914525005103,-0.339912754364824,0.538834662453545
39.1884796365825,79.0739485380734,58.3474136694972,-0.722943088750044,-0.276837497805964,0.457963691087107
41.5717957755141,79.8070256347567,63.5804911022186,-0.712118042473437,-0.284559766217764,0.492716570797319
43.3182800011495,79.9710502401328,63.9029860844145,-0.681855935780104,-0.303363629263659,0.548450348479636
45.2798739274074,81.5707716906403,67.7624569948986,-0.641718974029769,-0.322337367214838,0.606662040248648
45.8365105688593,80.6460730575770,69.1524120430831,-0.590610347997971,-0.341019852650306,0.665879597739094
50.6063835941070,82.1033427272446,69.4562440549298,-0.527879420032357,-0.358779409722625,0.724011537266658
52.2370906785018,80.8241362086371,74.5411735162988,-0.453658019967383,-0.374857837652778,0.778428015679961
55.3935862925136,80.7509384966982,72.8160943601328,-0.369159519997095,-0.388479518744156,0.826243574848038
57.5514712683331,80.2890427885084,74.1715999582034,-0.276789261883757,-0.399013484751739,0.864792518914089
57.5446469606156,79.7547965262916,75.0492698893165,-0.179938581117629,-0.406137216389838,0.892168713664652
62.3607479484183,80.6036061719318,75.4984623973059,-0.0824666741881692,-0.409930521901451,0.907617160188865
65.9916652454467,80.1671179613894,76.0794668360437,-0.0146102611567617,-0.410819299400517,0.911575937173645
69.0466109789722,79.2222264041917,76.3909025421864,-0.122398236106096,-0.407152429580967,0.903439439455238
70.8910671521631,80.8799786720263,78.3661772599693,-0.219433997199459,-0.398793417804899,0.884891445228253
74.5823013338513,80.3360363212805,78.7417154877972,-0.304324438820038,-0.387305841559815,0.859401410809842
77.4640025840175,80.6776275449960,79.6333760527532,-0.377165678854292,-0.374063726753201,0.830018192366564
81.2055286723211,80.0517124371046,79.9421083645468,-0.438951285786697,-0.360114367130061,0.799065652916757
85.3200063775770,81.0163461139889,83.2793985316271,-0.491072528846745,-0.346175030137571,0.768135352901518
86.3877513148503,79.9891990992961,84.5595849932646,-0.534991905860564,-0.332692806005419,0.738219350619285
92.2513077259862,80.7526580098172,87.1331312967825,-0.572069148000768,-0.319918408280682,0.709873959848333
94.2840712761303,81.0025823703026,90.7929623704546,-0.603489293742446,-0.307970676725153,0.683362876737770
7.91077235775633,83.6488424908915,44.7942674394059,-0.0756043521929048,-0.511522606496385,0.854740563906264
12.7559495118693,83.0128282357436,44.4091954410570,-0.130835565916976,-0.504782879876847,0.849726655229226
18.0059268987725,83.9400350924761,46.8611708795246,-0.193239108677989,-0.493705159771759,0.840251305897242
22.1828915616928,84.6108775386226,47.6520863437752,-0.263156564706735,-0.477341812739457,0.824425602868948
26.2152331924356,82.0066927569867,50.4202422210769,-0.340338219477703,-0.454682997168006,0.800011374633698
30.0154103519744,83.8403269842435,51.2143333495743,-0.423606770905594,-0.424839889096032,0.764640067033587
32.7636502344127,83.8620330130987,54.5388872482955,-0.510574576308458,-0.387346755998576,0.716267190647340
34.4286084160075,84.0290857977037,55.2062436946359,-0.597618170655174,-0.342532231902350,0.653839077449947
37.1231997009005,83.4461822917365,58.6419926839671,-0.680318176856777,-0.291804036680552,0.577958748927347
39.1485965856314,84.0196680241757,61.3241577961489,-0.754371353775855,-0.237633908290374,0.491170216975076
41.1811603989469,83.3058523239760,64.1033962753373,-0.739735557604039,-0.243164638069602,0.526067622764954
43.9185010715418,83.9533608486714,65.6007064130743,-0.704746474209533,-0.257932587661408,0.582636251259994
45.9744899592147,84.6676340133379,68.7346772223938,-0.659992610524791,-0.272713893940913,0.641299518066851
47.6741079913724,83.6765077306360,70.6196911740709,-0.604510952485949,-0.287134383974265,0.700517082069434
49.2979734444603,82.8857456880050,72.0175960217812,-0.537821655334822,-0.300700037825467,0.758174093404362
52.1639487478832,83.6664259521157,73.7175362473443,-0.460238021337872,-0.312840458806419,0.811693855556296
55.3165351934456,84.0963998736287,74.7813811181950,-0.373116057654097,-0.322998430451625,0.858337056127424
57.2361636209894,83.5329435959475,75.8500754153010,-0.278907647503709,-0.330751007350200,0.895659648364494
61.0797539749268,85.0781472743880,76.0633480568018,-0.180920243219083,-0.335921713369760,0.921997535949555
61.9470836756693,83.3961876013035,76.1548206846868,-0.0828127790816631,-0.338634773047569,0.936788341172120
65.5981406324318,83.4090610679125,76.7219054914946,-0.0150747702451034,-0.339254860364068,0.940557986364104
69.1315762530243,85.0528557063183,77.2253002518796,-0.126289685578370,-0.336226756741819,0.932162802158376
70.4566302008743,83.9880354737387,78.8219932372453,-0.226410538200104,-0.329323879060537,0.913025105133029
74.1210127271598,84.1773705676860,78.4629765169815,-0.313999931004582,-0.319837430686192,0.886724657230393
76.3018200813151,84.8160311252877,81.4379159963231,-0.389157037787482,-0.308902083159437,0.856407247956083
79.7231463270867,83.2249757175372,80.7080625528885,-0.452907015899899,-0.297382692376136,0.824470623709474
82.5912938697868,83.6005625721188,85.2691883598702,-0.506685367675342,-0.285871578288128,0.792556945963470
86.3691002847558,84.4447161432900,86.1901024808103,-0.552001088639370,-0.274737948314987,0.761689813869261
90.8654634895578,83.1117951085060,86.9599495268429,-0.590257140368258,-0.264188841876548,0.732443228281569
93.9203791095148,83.9402123568894,92.2509031912424,-0.622676237675376,-0.254322396929943,0.705089269132411
9.01643169593949,86.1861688463113,45.7440719415546,-0.0783641403146081,-0.413926094419074,0.906224626862451
14.2264131315959,87.5243531179185,48.3669731673770,-0.135566924668654,-0.408338134897160,0.900612845228674
18.2017577635650,88.9054267443855,50.7345243338883,-0.200150051218510,-0.399223173724515,0.890227168240110
22.6928580540783,86.9868694064523,49.9099902833076,-0.272469435692542,-0.385851736156287,0.873144298368028
26.4904895512156,86.7950861142389,51.8117295054171,-0.352291445851139,-0.367440891778908,0.847068448391524
31.2396597675226,88.4457678378505,53.6095435789306,-0.438442071563152,-0.343290678803712,0.809538200544091
33.0801392735967,86.3664957571205,54.6901068467540,-0.528491891423884,-0.313015946188712,0.758377027589576
34.0546174013040,86.8156259205671,57.8352110304216,-0.618683415698796,-0.276842984154267,0.692383200530314
37.9119418402322,87.0906672305803,59.3375153356142,-0.704335137543539,-0.235855480554330,0.612061539718552
40.2896355883193,87.6024955682016,63.0686480123203,-0.780774095741437,-0.192015379637732,0.519999828515818
42.4076474100169,86.2456652687408,64.3613109907644,-0.762606685752090,-0.195709509623682,0.554749162414744
44.2880895685919,86.3426783893398,67.7446431831469,-0.723395136793461,-0.206698004984319,0.611746007501067
45.3083924558780,87.3604519376771,69.7145499957524,-0.674615068042309,-0.217626423797905,0.670515537145603
47.8782916861525,86.9655864387405,71.3131724526787,-0.615407618786891,-0.228208225165239,0.729471607209676
50.3731985989642,85.7760942625402,73.7257085294914,-0.545423733524663,-0.238076553203484,0.786494437573004
52.5972180056946,85.7380201665341,73.9250954844015,-0.465109973985497,-0.246821774225298,0.839066506229476
56.4620935017723,85.7311994951418,74.9715250892098,-0.375917442119125,-0.254060030374629,0.884580511866371
56.0562345423719,87.1327472986378,76.0302162855444,-0.280311955932830,-0.259519366017770,0.920778512376560
60.6120252542890,87.4794059852122,77.1897749962444,-0.181511914878905,-0.263113692265978,0.946190762837545
63.5509373469109,87.6505542981157,78.8763257554367,-0.0830001672971857,-0.264972349946522,0.960404206658900
64.8903180087232,86.2673093758523,78.3472607504882,-0.0154506315774235,-0.265386020486866,0.964009048777077
68.6070033359883,85.5082279950652,79.5240664539754,-0.129438483782787,-0.263017251564681,0.955404546281961
71.0736411096010,87.5906846860842,79.8804166601598,-0.232055663476017,-0.257617396023107,0.935789686408721
73.3391469465467,87.0495353090311,79.6176186807051,-0.321828934730469,-0.250196512561275,0.908833485799505
77.3541555542949,87.1027021579746,80.1723774968007,-0.398859944055793,-0.241642211055758,0.877760168364934
81.8025357518638,86.7920234723268,82.8884194162528,-0.464199409193161,-0.232631034988501,0.845027263847118
83.4298053766094,86.8676483834583,84.5399607102420,-0.519318624054386,-0.223626333461429,0.812317877958183
87.6189153768086,88.6383034606977,88.0961997298314,-0.565764208159255,-0.214916923229328,0.780681131388583
89.6742868667996,86.9938197626313,89.1754021548374,-0.604974103319143,-0.206664763262083,0.750705336635770
93.3751727091384,87.5255302669039,94.0181151854988,-0.638201510465042,-0.198946623106559,0.722669357438356
7.55876361676366,88.8343203055418,49.0700725128297,-0.0805926334030658,-0.305476232641836,0.948427798749067
12.2564736952658,89.3814853375438,49.7979845305614,-0.139376974742556,-0.301254731905240,0.942249396428022
17.1576925896433,89.9459956328848,49.6794182371522,-0.205692805210922,-0.294412188326116,0.931010718908928
21.3527588248093,90.6887927383143,50.5289164478413,-0.279899377228174,-0.284433827591317,0.912768415604993
25.5328533318320,90.8606851296031,52.5560837543891,-0.361768338770160,-0.270765041003260,0.885191845704235
28.0389744448657,92.5791871729274,54.3344278080274,-0.450123586652220,-0.252905461518539,0.845760383400154
32.0688931052450,89.1654916951550,55.0343257930571,-0.542503510689733,-0.230572407507503,0.792209115398086
34.6282814609633,89.1888412901169,58.4422319995966,-0.635052731574735,-0.203916084197718,0.723233071981701
37.0403413730960,90.3464136808000,60.1549481546006,-0.722895855143695,-0.173707671676214,0.639266449232183
39.5022385203889,89.8758188147206,63.7881214462832,-0.801080542402030,-0.141372015433969,0.542930737036050
42.5909365984194,89.7404904176772,66.9775099367727,-0.779967683720496,-0.143636421365894,0.577381809624178
43.6305404150272,91.3336736244076,67.1685110230340,-0.737332196243989,-0.151182159748723,0.634525673258351
46.0387395790660,90.2300159757059,70.3203217402797,-0.685350458517999,-0.158651777735107,0.693195855863339
49.1245363200748,90.9461757936874,72.6383720530838,-0.623236933347057,-0.165843423290182,0.751777195657225
50.6447241193737,90.7341147251682,72.7432005724189,-0.550734581102661,-0.172504960690793,0.808154531008096
52.5281378987088,89.2908346734328,73.8932043549268,-0.468380581177211,-0.178362415480171,0.859864571289539
55.7077108723870,91.1840475075184,75.7725942807736,-0.377684256038677,-0.183167913008539,0.904407620982766
59.1237465050759,90.3663138441893,78.7374579766192,-0.281106785492616,-0.186756671793990,0.939669919609449
59.5139103920910,90.0416344642608,79.9445763255113,-0.181786000531481,-0.189092974046318,0.964327255889662
63.2804967384356,90.4488092233100,78.5027590602687,-0.0830628241658242,-0.190285164394399,0.978075140366531
64.7116020165383,90.8860344624185,78.7551805450863,-0.0157317350690474,-0.190543717843366,0.981547898772326
67.2117064018889,91.4553253675367,79.4769189325690,-0.131793443161600,-0.188842972505247,0.972786848910007
70.6029152562370,90.6530302572192,80.5513527063996,-0.236277604626276,-0.184965946319689,0.952815123003786
74.1069032526745,89.1916152594262,81.5154189535146,-0.327684179987273,-0.179637848321514,0.925368490526190
75.7042327352407,91.2388198629820,84.0748181814594,-0.406116665075976,-0.173495970880404,0.893729835811818
79.1891533696584,90.1341762428257,84.0535127963795,-0.472644894031763,-0.167026063434463,0.860401400056017
83.7034701516581,92.0475225077016,84.6928590163232,-0.528766928983249,-0.160560804624333,0.827096910818965
87.5973504103159,91.0593855965897,89.7808550266384,-0.576057528115301,-0.154307561130938,0.794884576133126
91.1997206811149,91.0946759309756,89.7730727926632,-0.615980794659421,-0.148382617392332,0.764363412051754
94.4623722381354,90.2985371364945,92.9995207503098,-0.649812729854514,-0.142841092946653,0.735817355864671
8.40615624461948,93.4378999004860,50.5032625200161,-0.0821337761997611,-0.189714174306148,0.978268302131149
13.8282338394978,93.5285799305523,50.4710679826552,-0.142006155015732,-0.187044922099441,0.971648682225801
19.9059924092935,93.0752087635722,51.2003380637742,-0.209505759208916,-0.182737870908036,0.959751521476235
23.6539250281534,93.4535580597761,52.2275781625998,-0.284990504128833,-0.176484111696929,0.940624582373857
25.8389990799168,95.0580417489853,52.4902837729945,-0.368232903055145,-0.167950204729635,0.911919923051338
30.4853507767822,93.6338926012628,54.1346833113997,-0.458054677907048,-0.156833801852443,0.871084234316633
31.9779086791834,94.0648426592659,55.6849219313566,-0.551974627421887,-0.142961733831744,0.815799923885204
35.5288577109103,95.3584083391589,59.7559289923723,-0.646076256601649,-0.126421630033093,0.744696877856699
37.7908651839253,93.7135320022123,60.8217116369036,-0.735358974514246,-0.107680874007062,0.658162050656047
40.3663452333040,93.9513421899776,62.7997041673570,-0.814684784093174,-0.0876138533807397,0.558836950620602
40.6815718235529,94.6655698684002,67.2812698492671,-0.791467298457788,-0.0888212443632358,0.592989122692098
44.1337843460105,94.2720285156905,69.1518715583463,-0.746431640950362,-0.0932659886290574,0.650134636875077
45.8368183490884,94.4825814091398,70.5055413804064,-0.692237840512032,-0.0976525259227214,0.708640303818087
48.1191453996564,93.8098126925138,73.7112968620094,-0.628146293401795,-0.101859557121455,0.766874029386124
49.2741530039086,93.9709849540746,75.4998430901391,-0.553958040256440,-0.105738226517377,0.822727849524897
52.1097673529761,95.4084205289397,76.9578527796010,-0.470265935340619,-0.109129934680646,0.873779714873675
53.6035848615488,95.7296931499558,77.2121182498227,-0.378611492342624,-0.111894880920409,0.917606301663453
56.7527583301528,94.0850127814669,78.3000470722749,-0.281445040975476,-0.113944746878618,0.952192726478573
59.1515622105731,93.4932495999811,78.8585485113681,-0.181843347322478,-0.115267874534471,0.976312135097468
62.3220969342244,94.0398377077818,79.6948454521811,-0.0830470799006654,-0.115936053653409,0.989730962968001
65.4981903136495,93.6505606672539,80.0738107946104,-0.0159170595801554,-0.116077888580138,0.993110824518955
68.8888455443817,93.5376585879780,81.1979336765337,-0.133346009061926,-0.115041806519308,0.984246566887410
70.2895921931729,92.5329964316894,79.9566654952446,-0.239061024978255,-0.112679949520383,0.964039568118831
74.4007865697131,92.8724257699466,80.8576009783642,-0.331544396942836,-0.109434109810860,0.936269606159576
78.1428061657654,94.0889996885576,82.4777935068818,-0.410900839998683,-0.105692521406102,0.904258238696653
81.2370813185357,93.5948264774938,85.1532750067828,-0.478212791249054,-0.101751099436730,0.870537184069804
82.4735659813033,95.1703263945813,85.8574591761328,-0.534995960439334,-0.0978125093834969,0.836840358058806
87.7025139119561,92.6315352736699,89.2176098398721,-0.582843656873475,-0.0940030775654007,0.804248552503983
90.4363448756117,93.3695477670267,90.5318467840958,-0.623237231353855,-0.0903936436416921,0.773367840045587
95.2176261827607,94.5147073842822,93.4277043003107,-0.657467716792920,-0.0870177860461218,0.744485502839042